timestamp,outlier_score
2012-03-01 00:00:00,-1.0
2012-03-01 01:00:00,-1.0
2012-03-01 02:00:00,-1.4
2012-03-01 03:00:00,-1.6584962500721154
2012-03-01 04:00:00,-1.5
2012-03-01 05:00:00,-2.292481250360578
2012-03-01 06:00:00,-1.8
2012-03-01 07:00:00,-2.075488750216347
2012-03-01 08:00:00,-2.8076815597050833
2012-03-01 09:00:00,-3.1112989209604316
2012-03-01 10:00:00,-3.3469133019829593
2012-03-01 11:00:00,-3.6083842863944797
2012-03-01 12:00:00,-3.833538163094076
2012-03-01 13:00:00,-4.000538023551771
2012-03-01 14:00:00,-3.9572420828241612
2012-03-01 15:00:00,-2.850977500432694
2012-03-01 16:00:00,-2.1
2012-03-01 17:00:00,-2.5
2012-03-01 18:00:00,-2.7813781191217033
2012-03-01 19:00:00,-3.2273212809854335
2012-03-01 20:00:00,-3.5791061114716944
2012-03-01 21:00:00,-3.5369597346278674
2012-03-01 22:00:00,-3.3135709286104396
2012-03-01 23:00:00,-3.836959734627867
2012-03-02 00:00:00,-2.514720492494223
2012-03-02 01:00:00,-4.22060986139958
2012-03-02 02:00:00,-3.961306281273896
2012-03-02 03:00:00,-4.457242082824161
2012-03-02 04:00:00,-4.502834162808176
2012-03-02 05:00:00,-4.756189016074944
2012-03-02 06:00:00,-4.692529489161297
2012-03-02 07:00:00,-4.840577095883216
2012-03-02 08:00:00,-3.658692039793672
2012-03-02 09:00:00,-5.042541841585492
2012-03-02 10:00:00,-4.782605653607315
2012-03-02 11:00:00,-5.123677526847002
2012-03-02 12:00:00,-5.1860990326182534
2012-03-02 13:00:00,-4.78687113632466
2012-03-02 14:00:00,-5.376520678749274
2012-03-02 15:00:00,-3.8753841468521757
2012-03-02 16:00:00,-5.483515862906102
2012-03-02 17:00:00,-5.558155681773815
2012-03-02 18:00:00,-5.3926826059278605
2012-03-02 19:00:00,-5.583252980584861
2012-03-02 20:00:00,-5.731135602976288
2012-03-02 21:00:00,-5.734775438760086
2012-03-02 22:00:00,-5.901403475176923
2012-03-02 23:00:00,-5.877108647773263
2012-03-03 00:00:00,-5.791791606627503
2012-03-03 01:00:00,-4.0628163380168605
2012-03-03 02:00:00,-5.961291423060781
2012-03-03 03:00:00,-5.783695725924064
2012-03-03 04:00:00,-5.746752072370539
2012-03-03 05:00:00,-6.014499126154511
2012-03-03 06:00:00,-5.881470177854405
2012-03-03 07:00:00,-5.834481038826171
2012-03-03 08:00:00,-4.228108105318768
2012-03-03 09:00:00,-5.613143650442568
2012-03-03 10:00:00,-6.223659264878426
2012-03-03 11:00:00,-5.492760505230017
2012-03-03 12:00:00,-6.128388141193934
2012-03-03 13:00:00,-6.210489851536037
2012-03-03 14:00:00,-6.252611277918906
2012-03-03 15:00:00,-6.409570543661045
2012-03-03 16:00:00,-5.902516950444439
2012-03-03 17:00:00,-6.354867631308406
2012-03-03 18:00:00,-4.376026773768118
2012-03-03 19:00:00,-6.303488322273997
2012-03-03 20:00:00,-5.774274392111368
2012-03-03 21:00:00,-6.442850649033602
2012-03-03 22:00:00,-6.101264361443274
2012-03-03 23:00:00,-6.285336287226762
2012-03-04 00:00:00,-6.352420718032963
2012-03-04 01:00:00,-6.482665993578469
2012-03-04 02:00:00,-6.249074752419267
2012-03-04 03:00:00,-6.134235399284126
2012-03-04 04:00:00,-5.947942800055747
2012-03-04 05:00:00,-6.429046321926288
2012-03-04 06:00:00,-5.888624321669505
2012-03-04 07:00:00,-6.700025198401326
2012-03-04 08:00:00,-6.539742366490804
2012-03-04 09:00:00,-6.602067275442806
2012-03-04 10:00:00,-6.650095466820183
2012-03-04 11:00:00,-4.50993081494359
2012-03-04 12:00:00,-5.876430599855537
2012-03-04 13:00:00,-6.926113923248702
2012-03-04 14:00:00,-6.744236019422907
2012-03-04 15:00:00,-6.7857198139760895
2012-03-04 16:00:00,-6.736439694280091
2012-03-04 17:00:00,-6.846190114422737
2012-03-04 18:00:00,-6.825266883996855
2012-03-04 19:00:00,-6.771289392709538
2012-03-04 20:00:00,-6.960207441467874
2012-03-04 21:00:00,-5.370617221713045
2012-03-04 22:00:00,-6.924673017894056
2012-03-04 23:00:00,-7.046878625801824
2012-03-05 00:00:00,-7.105614514482724
2012-03-05 01:00:00,-7.172007586715859
2012-03-05 02:00:00,-7.127656840914332
2012-03-05 03:00:00,-7.129879721161663
2012-03-05 04:00:00,-4.6322801038247805
2012-03-05 05:00:00,-7.199369393972155
2012-03-05 06:00:00,-7.24428064437781
2012-03-05 07:00:00,-7.290179153661346
2012-03-05 08:00:00,-7.229172503780387
2012-03-05 09:00:00,-7.255085489500028
2012-03-05 10:00:00,-7.039117120272424
2012-03-05 11:00:00,-7.342427762539117
2012-03-05 12:00:00,-7.315568521907876
2012-03-05 13:00:00,-7.380892736061375
2012-03-05 14:00:00,-7.352340711502299
2012-03-05 15:00:00,-7.3671779498908565
2012-03-05 16:00:00,-7.215330762939823
2012-03-05 17:00:00,-7.016134932017726
2012-03-05 18:00:00,-7.429433602537064
2012-03-05 19:00:00,-7.451628106336858
2012-03-05 20:00:00,-7.509796344069815
2012-03-05 21:00:00,-4.744932839369178
2012-03-05 22:00:00,-7.487861289519017
2012-03-05 23:00:00,-7.5076292394195505
2012-03-06 00:00:00,-7.527079736319477
2012-03-06 01:00:00,-7.544789151729286
2012-03-06 02:00:00,-7.5583530227940585
2012-03-06 03:00:00,-7.581424791642689
2012-03-06 04:00:00,-7.627650183739197
2012-03-06 05:00:00,-7.6043502394455285
2012-03-06 06:00:00,-7.622456187533347
2012-03-06 07:00:00,-7.640300230669003
2012-03-06 08:00:00,-7.6606391659161135
2012-03-06 09:00:00,-7.695195829358755
2012-03-06 10:00:00,-7.678314932314005
2012-03-06 11:00:00,-7.700164536601539
2012-03-06 12:00:00,-7.717007938715275
2012-03-06 13:00:00,-7.711338043707687
2012-03-06 14:00:00,-4.84932843137304
2012-03-06 15:00:00,-7.744374102508223
2012-03-06 16:00:00,-7.574855907558399
2012-03-06 17:00:00,-7.641333814784585
2012-03-06 18:00:00,-7.784242245830026
2012-03-06 19:00:00,-2.3
2012-03-06 20:00:00,-4.874062404448941
2012-03-06 21:00:00,-5.006474276475025
2012-03-06 22:00:00,-5.992419185671957
2012-03-06 23:00:00,-6.00704056876483
2012-03-07 00:00:00,-5.9321512352923715
2012-03-07 01:00:00,-6.327969837891399
2012-03-07 02:00:00,-2.9076815597050834
2012-03-07 03:00:00,-6.550542291635937
2012-03-07 04:00:00,-5.989469042982742
2012-03-07 05:00:00,-6.588429328799954
2012-03-07 06:00:00,-6.693553343371451
2012-03-07 07:00:00,-4.979644374902728
2012-03-07 08:00:00,-6.640915290870074
2012-03-07 09:00:00,-6.883070036539491
2012-03-07 10:00:00,-6.919712647106894
2012-03-07 11:00:00,-6.566291543461406
2012-03-07 12:00:00,-5.06892710870947
2012-03-07 13:00:00,-7.05222019526182
2012-03-07 14:00:00,-7.119114816522457
2012-03-07 15:00:00,-6.221967342106586
2012-03-07 16:00:00,-6.888588167183073
2012-03-07 17:00:00,-7.171697286169878
2012-03-07 18:00:00,-7.472967722668739
2012-03-07 19:00:00,-5.616957273797068
2012-03-07 20:00:00,-7.0426899662413245
2012-03-07 21:00:00,-7.457424932465017
2012-03-07 22:00:00,-7.4291088441431885
2012-03-07 23:00:00,-7.47078208188141
2012-03-08 00:00:00,-5.152941613638914
2012-03-08 01:00:00,-7.655217864435661
2012-03-08 02:00:00,-7.593289083527296
2012-03-08 03:00:00,-7.708910809272079
2012-03-08 04:00:00,-7.581040372800375
2012-03-08 05:00:00,-5.2322810122826695
2012-03-08 06:00:00,-7.674901281920798
2012-03-08 07:00:00,-7.526931167668479
2012-03-08 08:00:00,-7.502700063233846
2012-03-08 09:00:00,-7.546575302505881
2012-03-08 10:00:00,-7.571767544837431
2012-03-08 11:00:00,-7.712668465091506
2012-03-08 12:00:00,-7.722318220015575
2012-03-08 13:00:00,-7.6915730109917915
2012-03-08 14:00:00,-7.8905845364712235
2012-03-08 15:00:00,-6.881313989738464
2012-03-08 16:00:00,-7.914959916802269
2012-03-08 17:00:00,-5.30744279861865
2012-03-08 18:00:00,-7.605964454633865
2012-03-08 19:00:00,-7.977093726090528
2012-03-08 20:00:00,-7.762715071201302
2012-03-08 21:00:00,-8.012650667977146
2012-03-08 22:00:00,-5.378848481968569
2012-03-08 23:00:00,-7.993897054150676
2012-03-09 00:00:00,-8.051505081095984
2012-03-09 01:00:00,-7.899914798350011
2012-03-09 02:00:00,-7.03822755715899
2012-03-09 03:00:00,-8.097517492693214
2012-03-09 04:00:00,-8.139802060704273
2012-03-09 05:00:00,-8.053923456768635
2012-03-09 06:00:00,-8.156109705101185
2012-03-09 07:00:00,-8.17321082150699
2012-03-09 08:00:00,-8.190037537676458
2012-03-09 09:00:00,-8.206600212103375
2012-03-09 10:00:00,-6.505663349063175
2012-03-09 11:00:00,-8.234740715445426
2012-03-09 12:00:00,-8.127001022400663
2012-03-09 13:00:00,-8.263847580526201
2012-03-09 14:00:00,-8.27689059125804
2012-03-09 15:00:00,-5.446858406143459
2012-03-09 16:00:00,-7.6301646139643795
2012-03-09 17:00:00,-3.976487159073609
2012-03-09 18:00:00,-6.682869505062355
2012-03-09 19:00:00,-7.741406278976979
2012-03-09 20:00:00,-7.610951942415016
2012-03-09 21:00:00,-7.549168327864661
2012-03-09 22:00:00,-8.007147743096393
2012-03-09 23:00:00,-7.688171940648459
2012-03-10 00:00:00,-7.774459321869509
2012-03-10 01:00:00,-3.6
2012-03-10 02:00:00,-5.213683595155868
2012-03-10 03:00:00,-6.336368503117526
2012-03-10 04:00:00,-4.569348695749932
2012-03-10 05:00:00,-2.7643856189774723
2012-03-10 06:00:00,-6.1259830597933576
2012-03-10 07:00:00,-5.995668597872563
2012-03-10 08:00:00,-5.528331015157883
2012-03-10 09:00:00,-5.343546679794372
2012-03-10 10:00:00,-5.589830392271662
2012-03-10 11:00:00,-6.908070808657513
2012-03-10 12:00:00,-5.791916594046464
2012-03-10 13:00:00,-6.698806965785923
2012-03-10 14:00:00,-7.1378805674367545
2012-03-10 15:00:00,-7.275741957920343
2012-03-10 16:00:00,-7.30186112636733
2012-03-10 17:00:00,-7.377566904690836
2012-03-10 18:00:00,-3.970043971814109
2012-03-10 19:00:00,-2.8807354922057606
2012-03-10 20:00:00,-3.607681559705083
2012-03-10 21:00:00,-4.067970000576924
2012-03-10 22:00:00,-2.6
2012-03-10 23:00:00,-3.6521600439723727
2012-03-11 00:00:00,-4.168825030913317
2012-03-11 01:00:00,-5.726767136750858
2012-03-11 02:00:00,-4.532088206124564
2012-03-11 03:00:00,-5.784593177307943
2012-03-11 04:00:00,-4.4584610237249525
2012-03-11 05:00:00,-4.709171110727814
2012-03-11 06:00:00,-5.043491730449167
2012-03-11 07:00:00,-4.983182783857091
2012-03-11 08:00:00,-5.207819630080366
2012-03-11 09:00:00,-5.2691645580084705
2012-03-11 10:00:00,-2.939231742277876
2012-03-11 11:00:00,-2.939231742277876
2012-03-11 12:00:00,-2.939231742277876
2012-03-11 13:00:00,-2.939231742277876
2012-03-11 14:00:00,-2.939231742277876
2012-03-11 15:00:00,-2.939231742277876
2012-03-11 16:00:00,-2.939231742277876
2012-03-11 17:00:00,-2.939231742277876
2012-03-11 18:00:00,-5.857546887315762
2012-03-11 19:00:00,-2.939231742277876
2012-03-11 20:00:00,-5.857546887315762
2012-03-11 21:00:00,-2.939231742277876
2012-03-11 22:00:00,-2.939231742277876
2012-03-11 23:00:00,-2.939231742277876
2012-03-12 00:00:00,-2.939231742277876
2012-03-12 01:00:00,-2.939231742277876
2012-03-12 02:00:00,-2.939231742277876
2012-03-12 03:00:00,-2.939231742277876
2012-03-12 04:00:00,-2.939231742277876
2012-03-12 05:00:00,-2.939231742277876
2012-03-12 06:00:00,-2.939231742277876
2012-03-12 07:00:00,-2.939231742277876
2012-03-12 08:00:00,-2.939231742277876
2012-03-12 09:00:00,-2.9584962500721153
2012-03-12 10:00:00,-2.939231742277876
2012-03-12 11:00:00,-5.857546887315762
2012-03-12 12:00:00,-2.939231742277876
2012-03-12 13:00:00,-5.857546887315762
2012-03-12 14:00:00,-2.939231742277876
2012-03-12 15:00:00,-2.939231742277876
2012-03-12 16:00:00,-2.939231742277876
2012-03-12 17:00:00,-2.939231742277876
2012-03-12 18:00:00,-2.939231742277876
2012-03-12 19:00:00,-2.939231742277876
2012-03-12 20:00:00,-2.939231742277876
2012-03-12 21:00:00,-2.939231742277876
2012-03-12 22:00:00,-2.939231742277876
2012-03-12 23:00:00,-2.939231742277876
2012-03-13 00:00:00,-2.939231742277876
2012-03-13 01:00:00,-2.939231742277876
2012-03-13 02:00:00,-2.5
2012-03-13 03:00:00,-2.939231742277876
2012-03-13 04:00:00,-5.857546887315762
2012-03-13 05:00:00,-2.739231742277876
2012-03-13 06:00:00,-5.857546887315762
2012-03-13 07:00:00,-2.939231742277876
2012-03-13 08:00:00,-2.939231742277876
2012-03-13 09:00:00,-2.939231742277876
2012-03-13 10:00:00,-2.739231742277876
2012-03-13 11:00:00,-2.939231742277876
2012-03-13 12:00:00,-2.939231742277876
2012-03-13 13:00:00,-2.939231742277876
2012-03-13 14:00:00,-2.939231742277876
2012-03-13 15:00:00,-2.939231742277876
2012-03-13 16:00:00,-2.939231742277876
2012-03-13 17:00:00,-2.939231742277876
2012-03-13 18:00:00,-2.939231742277876
2012-03-13 19:00:00,-2.939231742277876
2012-03-13 20:00:00,-2.939231742277876
2012-03-13 21:00:00,-5.857546887315762
2012-03-13 22:00:00,-2.939231742277876
2012-03-13 23:00:00,-4.091475883894185
2012-03-14 00:00:00,-2.939231742277876
2012-03-14 01:00:00,-2.939231742277876
2012-03-14 02:00:00,-2.939231742277876
2012-03-14 03:00:00,-2.939231742277876
2012-03-14 04:00:00,-2.939231742277876
2012-03-14 05:00:00,-2.939231742277876
2012-03-14 06:00:00,-2.939231742277876
2012-03-14 07:00:00,-2.939231742277876
2012-03-14 08:00:00,-2.939231742277876
2012-03-14 09:00:00,-2.939231742277876
2012-03-14 10:00:00,-2.9584962500721153
2012-03-14 11:00:00,-2.939231742277876
2012-03-14 12:00:00,-2.939231742277876
2012-03-14 13:00:00,-2.939231742277876
2012-03-14 14:00:00,-5.857546887315762
2012-03-14 15:00:00,-2.939231742277876
2012-03-14 16:00:00,-2.939231742277876
2012-03-14 17:00:00,-2.939231742277876
2012-03-14 18:00:00,-2.939231742277876
2012-03-14 19:00:00,-2.939231742277876
2012-03-14 20:00:00,-2.939231742277876
2012-03-14 21:00:00,-2.939231742277876
2012-03-14 22:00:00,-2.939231742277876
2012-03-14 23:00:00,-2.939231742277876
2012-03-15 00:00:00,-2.939231742277876
2012-03-15 01:00:00,-2.939231742277876
2012-03-15 02:00:00,-2.939231742277876
2012-03-15 03:00:00,-2.939231742277876
2012-03-15 04:00:00,-2.939231742277876
2012-03-15 05:00:00,-2.939231742277876
2012-03-15 06:00:00,-2.939231742277876
2012-03-15 07:00:00,-5.857546887315762
2012-03-15 08:00:00,-2.939231742277876
2012-03-15 09:00:00,-2.939231742277876
2012-03-15 10:00:00,-2.939231742277876
2012-03-15 11:00:00,-2.939231742277876
2012-03-15 12:00:00,-2.939231742277876
2012-03-15 13:00:00,-2.939231742277876
2012-03-15 14:00:00,-2.939231742277876
2012-03-15 15:00:00,-2.939231742277876
2012-03-15 16:00:00,-2.939231742277876
2012-03-15 17:00:00,-2.939231742277876
2012-03-15 18:00:00,-2.939231742277876
2012-03-15 19:00:00,-2.939231742277876
2012-03-15 20:00:00,-2.939231742277876
2012-03-15 21:00:00,-2.939231742277876
2012-03-15 22:00:00,-2.939231742277876
2012-03-15 23:00:00,-2.939231742277876
2012-03-16 00:00:00,-5.857546887315762
2012-03-16 01:00:00,-2.939231742277876
2012-03-16 02:00:00,-2.939231742277876
2012-03-16 03:00:00,-2.939231742277876
2012-03-16 04:00:00,-2.939231742277876
2012-03-16 05:00:00,-2.939231742277876
2012-03-16 06:00:00,-2.939231742277876
2012-03-16 07:00:00,-2.939231742277876
2012-03-16 08:00:00,-2.939231742277876
2012-03-16 09:00:00,-2.939231742277876
2012-03-16 10:00:00,-2.939231742277876
2012-03-16 11:00:00,-2.939231742277876
2012-03-16 12:00:00,-2.939231742277876
2012-03-16 13:00:00,-2.939231742277876
2012-03-16 14:00:00,-2.939231742277876
2012-03-16 15:00:00,-2.939231742277876
2012-03-16 16:00:00,-2.939231742277876
2012-03-16 17:00:00,-5.857546887315762
2012-03-16 18:00:00,-2.939231742277876
2012-03-16 19:00:00,-2.939231742277876
2012-03-16 20:00:00,-2.939231742277876
2012-03-16 21:00:00,-2.939231742277876
2012-03-16 22:00:00,-2.939231742277876
2012-03-16 23:00:00,-2.939231742277876
2012-03-17 00:00:00,-2.939231742277876
2012-03-17 01:00:00,-2.939231742277876
2012-03-17 02:00:00,-2.939231742277876
2012-03-17 03:00:00,-2.939231742277876
2012-03-17 04:00:00,-2.939231742277876
2012-03-17 05:00:00,-2.939231742277876
2012-03-17 06:00:00,-2.939231742277876
2012-03-17 07:00:00,-2.939231742277876
2012-03-17 08:00:00,-2.939231742277876
2012-03-17 09:00:00,-2.939231742277876
2012-03-17 10:00:00,-5.857546887315762
2012-03-17 11:00:00,-2.939231742277876
2012-03-17 12:00:00,-2.939231742277876
2012-03-17 13:00:00,-2.939231742277876
2012-03-17 14:00:00,-2.939231742277876
2012-03-17 15:00:00,-2.939231742277876
2012-03-17 16:00:00,-2.939231742277876
2012-03-17 17:00:00,-2.939231742277876
2012-03-17 18:00:00,-2.939231742277876
2012-03-17 19:00:00,-2.939231742277876
2012-03-17 20:00:00,-2.939231742277876
2012-03-17 21:00:00,-2.939231742277876
2012-03-17 22:00:00,-2.939231742277876
2012-03-17 23:00:00,-2.939231742277876
2012-03-18 00:00:00,-2.939231742277876
2012-03-18 01:00:00,-2.939231742277876
2012-03-18 02:00:00,-2.939231742277876
2012-03-18 03:00:00,-5.857546887315762
2012-03-18 04:00:00,-2.939231742277876
2012-03-18 05:00:00,-2.939231742277876
2012-03-18 06:00:00,-2.939231742277876
2012-03-18 07:00:00,-2.939231742277876
2012-03-18 08:00:00,-2.939231742277876
2012-03-18 09:00:00,-2.939231742277876
2012-03-18 10:00:00,-2.939231742277876
2012-03-18 11:00:00,-2.939231742277876
2012-03-18 12:00:00,-2.6584962500721154
2012-03-18 13:00:00,-2.939231742277876
2012-03-18 14:00:00,-2.939231742277876
2012-03-18 15:00:00,-2.939231742277876
2012-03-18 16:00:00,-2.939231742277876
2012-03-18 17:00:00,-2.939231742277876
2012-03-18 18:00:00,-2.939231742277876
2012-03-18 19:00:00,-2.939231742277876
2012-03-18 20:00:00,-5.857546887315762
2012-03-18 21:00:00,-2.939231742277876
2012-03-18 22:00:00,-2.939231742277876
2012-03-18 23:00:00,-2.939231742277876
2012-03-19 00:00:00,-2.939231742277876
2012-03-19 01:00:00,-2.939231742277876
2012-03-19 02:00:00,-2.939231742277876
2012-03-19 03:00:00,-2.939231742277876
2012-03-19 04:00:00,-2.939231742277876
2012-03-19 05:00:00,-2.939231742277876
2012-03-19 06:00:00,-2.939231742277876
2012-03-19 07:00:00,-2.939231742277876
2012-03-19 08:00:00,-2.939231742277876
2012-03-19 09:00:00,-2.939231742277876
2012-03-19 10:00:00,-2.939231742277876
2012-03-19 11:00:00,-2.939231742277876
2012-03-19 12:00:00,-2.939231742277876
2012-03-19 13:00:00,-5.857546887315762
2012-03-19 14:00:00,-2.939231742277876
2012-03-19 15:00:00,-2.939231742277876
2012-03-19 16:00:00,-2.939231742277876
2012-03-19 17:00:00,-2.939231742277876
2012-03-19 18:00:00,-2.939231742277876
2012-03-19 19:00:00,-2.939231742277876
2012-03-19 20:00:00,-2.939231742277876
2012-03-19 21:00:00,-2.939231742277876
2012-03-19 22:00:00,-2.939231742277876
2012-03-19 23:00:00,-2.939231742277876
2012-03-20 00:00:00,-2.9539158811108033
2012-03-20 01:00:00,-2.939231742277876
2012-03-20 02:00:00,-2.939231742277876
2012-03-20 03:00:00,-2.939231742277876
2012-03-20 04:00:00,-2.939231742277876
2012-03-20 05:00:00,-2.939231742277876
2012-03-20 06:00:00,-5.857546887315762
2012-03-20 07:00:00,-2.939231742277876
2012-03-20 08:00:00,-2.939231742277876
2012-03-20 09:00:00,-2.939231742277876
2012-03-20 10:00:00,-2.939231742277876
2012-03-20 11:00:00,-2.939231742277876
2012-03-20 12:00:00,-2.939231742277876
2012-03-20 13:00:00,-2.939231742277876
2012-03-20 14:00:00,-2.939231742277876
2012-03-20 15:00:00,-2.939231742277876
2012-03-20 16:00:00,-2.939231742277876
2012-03-20 17:00:00,-2.4
2012-03-20 18:00:00,-2.739231742277876
2012-03-20 19:00:00,-2.739231742277876
2012-03-20 20:00:00,-2.739231742277876
2012-03-20 21:00:00,-2.739231742277876
2012-03-20 22:00:00,-2.939231742277876
2012-03-20 23:00:00,-5.857546887315762
2012-03-21 00:00:00,-2.739231742277876
2012-03-21 01:00:00,-2.739231742277876
2012-03-21 02:00:00,-2.739231742277876
2012-03-21 03:00:00,-2.739231742277876
2012-03-21 04:00:00,-2.739231742277876
2012-03-21 05:00:00,-2.739231742277876
2012-03-21 06:00:00,-2.739231742277876
2012-03-21 07:00:00,-2.839231742277876
2012-03-21 08:00:00,-2.739231742277876
2012-03-21 09:00:00,-2.939231742277876
2012-03-21 10:00:00,-2.739231742277876
2012-03-21 11:00:00,-2.739231742277876
2012-03-21 12:00:00,-2.739231742277876
2012-03-21 13:00:00,-2.739231742277876
2012-03-21 14:00:00,-2.739231742277876
2012-03-21 15:00:00,-2.739231742277876
2012-03-21 16:00:00,-5.857546887315762
2012-03-21 17:00:00,-2.739231742277876
2012-03-21 18:00:00,-2.739231742277876
2012-03-21 19:00:00,-2.739231742277876
2012-03-21 20:00:00,-3.8954196310386875
2012-03-21 21:00:00,-3.8954196310386875
2012-03-21 22:00:00,-3.8954196310386875
2012-03-21 23:00:00,-4.353915881110803
2012-03-22 00:00:00,-4.1539158811108035
2012-03-22 01:00:00,-4.1539158811108035
2012-03-22 02:00:00,-3.8954196310386875
2012-03-22 03:00:00,-3.8954196310386875
2012-03-22 04:00:00,-3.8954196310386875
2012-03-22 05:00:00,-4.1539158811108035
2012-03-22 06:00:00,-3.8954196310386875
2012-03-22 07:00:00,-3.8954196310386875
2012-03-22 08:00:00,-4.1539158811108035
2012-03-22 09:00:00,-5.682683026930188
2012-03-22 10:00:00,-4.1539158811108035
2012-03-22 11:00:00,-3.8954196310386875
2012-03-22 12:00:00,-3.8954196310386875
2012-03-22 13:00:00,-4.1539158811108035
2012-03-22 14:00:00,-3.7
2012-03-22 15:00:00,-4.353915881110803
2012-03-22 16:00:00,-3.8954196310386875
2012-03-22 17:00:00,-4.1539158811108035
2012-03-22 18:00:00,-4.1539158811108035
2012-03-22 19:00:00,-4.1539158811108035
2012-03-22 20:00:00,-4.1539158811108035
2012-03-22 21:00:00,-4.1539158811108035
2012-03-22 22:00:00,-3.7
2012-03-22 23:00:00,-3.8954196310386875
2012-03-23 00:00:00,-4.1539158811108035
2012-03-23 01:00:00,-4.1539158811108035
2012-03-23 02:00:00,-5.682683026930188
2012-03-23 03:00:00,-3.8954196310386875
2012-03-23 04:00:00,-4.1539158811108035
2012-03-23 05:00:00,-4.1539158811108035
2012-03-23 06:00:00,-4.1539158811108035
2012-03-23 07:00:00,-3.8954196310386875
2012-03-23 08:00:00,-3.8954196310386875
2012-03-23 09:00:00,-3.8954196310386875
2012-03-23 10:00:00,-4.1539158811108035
2012-03-23 11:00:00,-4.1539158811108035
2012-03-23 12:00:00,-4.1539158811108035
2012-03-23 13:00:00,-4.1539158811108035
2012-03-23 14:00:00,-4.1539158811108035
2012-03-23 15:00:00,-4.1539158811108035
2012-03-23 16:00:00,-4.1539158811108035
2012-03-23 17:00:00,-3.8954196310386875
2012-03-23 18:00:00,-4.1539158811108035
2012-03-23 19:00:00,-5.682683026930188
2012-03-23 20:00:00,-3.8954196310386875
2012-03-23 21:00:00,-3.8954196310386875
2012-03-23 22:00:00,-4.295419631038688
2012-03-23 23:00:00,-4.1539158811108035
2012-03-24 00:00:00,-4.353915881110803
2012-03-24 01:00:00,-4.1539158811108035
2012-03-24 02:00:00,-4.1539158811108035
2012-03-24 03:00:00,-3.8954196310386875
2012-03-24 04:00:00,-4.1539158811108035
2012-03-24 05:00:00,-4.1539158811108035
2012-03-24 06:00:00,-4.353915881110803
2012-03-24 07:00:00,-4.1539158811108035
2012-03-24 08:00:00,-4.1539158811108035
2012-03-24 09:00:00,-3.8954196310386875
2012-03-24 10:00:00,-4.1539158811108035
2012-03-24 11:00:00,-5.682683026930188
2012-03-24 12:00:00,-5.682683026930188
2012-03-24 13:00:00,-3.8954196310386875
2012-03-24 14:00:00,-4.1539158811108035
2012-03-24 15:00:00,-4.1539158811108035
2012-03-24 16:00:00,-4.1539158811108035
2012-03-24 17:00:00,-4.1539158811108035
2012-03-24 18:00:00,-4.1539158811108035
2012-03-24 19:00:00,-4.1539158811108035
2012-03-24 20:00:00,-3.8954196310386875
2012-03-24 21:00:00,-4.1539158811108035
2012-03-24 22:00:00,-3.3954196310386875
2012-03-24 23:00:00,-4.1539158811108035
2012-03-25 00:00:00,-4.1539158811108035
2012-03-25 01:00:00,-4.353915881110803
2012-03-25 02:00:00,-4.1539158811108035
2012-03-25 03:00:00,-3.8954196310386875
2012-03-25 04:00:00,-2.5
2012-03-25 05:00:00,-5.682683026930188
2012-03-25 06:00:00,-4.1539158811108035
2012-03-25 07:00:00,-4.1539158811108035
2012-03-25 08:00:00,-4.353915881110803
2012-03-25 09:00:00,-3.8954196310386875
2012-03-25 10:00:00,-4.1539158811108035
2012-03-25 11:00:00,-3.8954196310386875
2012-03-25 12:00:00,-3.8954196310386875
2012-03-25 13:00:00,-4.1539158811108035
2012-03-25 14:00:00,-3.8954196310386875
2012-03-25 15:00:00,-2.516992500144231
2012-03-25 16:00:00,-4.1539158811108035
2012-03-25 17:00:00,-4.353915881110803
2012-03-25 18:00:00,-4.1539158811108035
2012-03-25 19:00:00,-3.8954196310386875
2012-03-25 20:00:00,-4.1539158811108035
2012-03-25 21:00:00,-4.1539158811108035
2012-03-25 22:00:00,-5.682683026930188
2012-03-25 23:00:00,-3.8954196310386875
2012-03-26 00:00:00,-4.1539158811108035
2012-03-26 01:00:00,-4.1539158811108035
2012-03-26 02:00:00,-4.1539158811108035
2012-03-26 03:00:00,-4.353915881110803
2012-03-26 04:00:00,-4.353915881110803
2012-03-26 05:00:00,-4.353915881110803
2012-03-26 06:00:00,-4.1539158811108035
2012-03-26 07:00:00,-4.1539158811108035
2012-03-26 08:00:00,-4.353915881110803
2012-03-26 09:00:00,-4.1539158811108035
2012-03-26 10:00:00,-4.1539158811108035
2012-03-26 11:00:00,-4.1539158811108035
2012-03-26 12:00:00,-3.853915881110803
2012-03-26 13:00:00,-4.353915881110803
2012-03-26 14:00:00,-4.1539158811108035
2012-03-26 15:00:00,-5.682683026930188
2012-03-26 16:00:00,-4.1539158811108035
2012-03-26 17:00:00,-4.353915881110803
2012-03-26 18:00:00,-4.1539158811108035
2012-03-26 19:00:00,-4.1539158811108035
2012-03-26 20:00:00,-4.1539158811108035
2012-03-26 21:00:00,-4.1539158811108035
2012-03-26 22:00:00,-4.1539158811108035
2012-03-26 23:00:00,-4.353915881110803
2012-03-27 00:00:00,-4.1539158811108035
2012-03-27 01:00:00,-3.8954196310386875
2012-03-27 02:00:00,-4.1539158811108035
2012-03-27 03:00:00,-4.353915881110803
2012-03-27 04:00:00,-4.1539158811108035
2012-03-27 05:00:00,-4.1539158811108035
2012-03-27 06:00:00,-4.1539158811108035
2012-03-27 07:00:00,-4.1539158811108035
2012-03-27 08:00:00,-5.682683026930188
2012-03-27 09:00:00,-4.1539158811108035
2012-03-27 10:00:00,-4.1539158811108035
2012-03-27 11:00:00,-4.1539158811108035
2012-03-27 12:00:00,-4.353915881110803
2012-03-27 13:00:00,-4.353915881110803
2012-03-27 14:00:00,-4.1539158811108035
2012-03-27 15:00:00,-4.1539158811108035
2012-03-27 16:00:00,-4.1539158811108035
2012-03-27 17:00:00,-4.1539158811108035
2012-03-27 18:00:00,-4.1539158811108035
2012-03-27 19:00:00,-4.1539158811108035
2012-03-27 20:00:00,-3.8954196310386875
2012-03-27 21:00:00,-4.1539158811108035
2012-03-27 22:00:00,-3.2584962500721155
2012-03-27 23:00:00,-4.353915881110803
2012-03-28 00:00:00,-4.1539158811108035
2012-03-28 01:00:00,-5.682683026930188
2012-03-28 02:00:00,-4.353915881110803
2012-03-28 03:00:00,-4.1539158811108035
2012-03-28 04:00:00,-4.1539158811108035
2012-03-28 05:00:00,-4.1539158811108035
2012-03-28 06:00:00,-4.1539158811108035
2012-03-28 07:00:00,-4.1539158811108035
2012-03-28 08:00:00,-3.8954196310386875
2012-03-28 09:00:00,-4.1539158811108035
2012-03-28 10:00:00,-4.1539158811108035
2012-03-28 11:00:00,-3.7169925001442308
2012-03-28 12:00:00,-4.353915881110803
2012-03-28 13:00:00,-4.1539158811108035
2012-03-28 14:00:00,-4.1539158811108035
2012-03-28 15:00:00,-4.1539158811108035
2012-03-28 16:00:00,-4.353915881110803
2012-03-28 17:00:00,-4.1539158811108035
2012-03-28 18:00:00,-5.682683026930188
2012-03-28 19:00:00,-4.1539158811108035
2012-03-28 20:00:00,-4.1539158811108035
2012-03-28 21:00:00,-4.1539158811108035
2012-03-28 22:00:00,-4.1539158811108035
2012-03-28 23:00:00,-3.8954196310386875
2012-03-29 00:00:00,-4.1539158811108035
2012-03-29 01:00:00,-4.1539158811108035
2012-03-29 02:00:00,-4.1539158811108035
2012-03-29 03:00:00,-4.353915881110803
2012-03-29 04:00:00,-4.353915881110803
2012-03-29 05:00:00,-4.353915881110803
2012-03-29 06:00:00,-4.1539158811108035
2012-03-29 07:00:00,-4.353915881110803
2012-03-29 08:00:00,-3.8584962500721156
2012-03-29 09:00:00,-4.1539158811108035
2012-03-29 10:00:00,-4.1539158811108035
2012-03-29 11:00:00,-3.8584962500721156
2012-03-29 12:00:00,-2.8
2012-03-29 13:00:00,-4.358496250072116
2012-03-29 14:00:00,-4.358496250072116
2012-03-29 15:00:00,-4.358496250072116
2012-03-29 16:00:00,-4.553915881110803
2012-03-29 17:00:00,-4.358496250072116
2012-03-29 18:00:00,-4.358496250072116
2012-03-29 19:00:00,-4.358496250072116
2012-03-29 20:00:00,-4.358496250072116
2012-03-29 21:00:00,-4.358496250072116
2012-03-29 22:00:00,-4.358496250072116
2012-03-29 23:00:00,-4.358496250072116
2012-03-30 00:00:00,-4.358496250072116
2012-03-30 01:00:00,-4.358496250072116
2012-03-30 02:00:00,-4.095419631038688
2012-03-30 03:00:00,-4.1539158811108035
2012-03-30 04:00:00,-4.358496250072116
2012-03-30 05:00:00,-3.4
2012-03-30 06:00:00,-4.553915881110803
2012-03-30 07:00:00,-3.3
2012-03-30 08:00:00,-4.358496250072116
2012-03-30 09:00:00,-4.6
2012-03-30 10:00:00,-4.553915881110803
2012-03-30 11:00:00,-4.358496250072116
2012-03-30 12:00:00,-4.5
2012-03-30 13:00:00,-4.358496250072116
2012-03-30 14:00:00,-4.553915881110803
2012-03-30 15:00:00,-4.358496250072116
2012-03-30 16:00:00,-4.553915881110803
2012-03-30 17:00:00,-4.553915881110803
2012-03-30 18:00:00,-3.6
2012-03-30 19:00:00,-4.358496250072116
2012-03-30 20:00:00,-4.953915881110803
2012-03-30 21:00:00,-4.358496250072116
2012-03-30 22:00:00,-4.358496250072116
2012-03-30 23:00:00,-4.358496250072116
2012-03-31 00:00:00,-3.4584962500721153
2012-03-31 01:00:00,-4.358496250072116
2012-03-31 02:00:00,-4.358496250072116
2012-03-31 03:00:00,-4.358496250072116
2012-03-31 04:00:00,-4.358496250072116
2012-03-31 05:00:00,-4.2
2012-03-31 06:00:00,-4.358496250072116
2012-03-31 07:00:00,-4.358496250072116
2012-03-31 08:00:00,-4.358496250072116
2012-03-31 09:00:00,-4.553915881110803
2012-03-31 10:00:00,-3.7
2012-03-31 11:00:00,-4.358496250072116
2012-03-31 12:00:00,-4.358496250072116
2012-03-31 13:00:00,-4.553915881110803
2012-03-31 14:00:00,-4.358496250072116
2012-03-31 15:00:00,-4.553915881110803
2012-03-31 16:00:00,-4.553915881110803
2012-03-31 17:00:00,-4.358496250072116
2012-03-31 18:00:00,-4.553915881110803
2012-03-31 19:00:00,-4.553915881110803
2012-03-31 20:00:00,-4.358496250072116
2012-03-31 21:00:00,-4.358496250072116
2012-03-31 22:00:00,-4.358496250072116
2012-03-31 23:00:00,-4.358496250072116
2012-04-01 00:00:00,-4.358496250072116
2012-04-01 01:00:00,-4.358496250072116
2012-04-01 02:00:00,-4.358496250072116
2012-04-01 03:00:00,-4.358496250072116
2012-04-01 04:00:00,-4.358496250072116
2012-04-01 05:00:00,-4.553915881110803
2012-04-01 06:00:00,-8.667456888843347
2012-04-01 07:00:00,-8.461469743245607
2012-04-01 08:00:00,-8.667456888843347
2012-04-01 09:00:00,-8.226815126860986
2012-04-01 10:00:00,-8.667456888843347
2012-04-01 11:00:00,-8.755721193779532
2012-04-01 12:00:00,-8.667456888843347
2012-04-01 13:00:00,-8.669923094266775
2012-04-01 14:00:00,-8.667456888843347
2012-04-01 15:00:00,-8.667456888843347
2012-04-01 16:00:00,-8.667456888843347
2012-04-01 17:00:00,-8.667456888843347
2012-04-01 18:00:00,-8.667456888843347
2012-04-01 19:00:00,-8.667456888843347
2012-04-01 20:00:00,-8.667456888843347
2012-04-01 21:00:00,-8.58165878933059
2012-04-01 22:00:00,-8.755721193779532
2012-04-01 23:00:00,-8.667456888843347
2012-04-02 00:00:00,-8.667456888843347
2012-04-02 01:00:00,-8.667456888843347
2012-04-02 02:00:00,-8.667456888843347
2012-04-02 03:00:00,-1.7
2012-04-02 04:00:00,-8.667456888843347
2012-04-02 05:00:00,-8.58165878933059
2012-04-02 06:00:00,-8.58165878933059
2012-04-02 07:00:00,-8.755721193779532
2012-04-02 08:00:00,-8.755721193779532
2012-04-02 09:00:00,-8.667456888843347
2012-04-02 10:00:00,-8.667456888843347
2012-04-02 11:00:00,-8.667456888843347
2012-04-02 12:00:00,-8.667456888843347
2012-04-02 13:00:00,-8.58165878933059
2012-04-02 14:00:00,-8.70896063877123
2012-04-02 15:00:00,-8.755721193779532
2012-04-02 16:00:00,-8.667456888843347
2012-04-02 17:00:00,-8.667456888843347
2012-04-02 18:00:00,-8.667456888843347
2012-04-02 19:00:00,-8.667456888843347
2012-04-02 20:00:00,-3.539231742277876
2012-04-02 21:00:00,-8.667456888843347
2012-04-02 22:00:00,-8.667456888843347
2012-04-02 23:00:00,-8.667456888843347
2012-04-03 00:00:00,-8.461469743245607
2012-04-03 01:00:00,-8.667456888843347
2012-04-03 02:00:00,-8.58165878933059
2012-04-03 03:00:00,-8.667456888843347
2012-04-03 04:00:00,-3.64858293087019
2012-04-03 05:00:00,-7.1970470719969155
2012-04-03 06:00:00,-7.1970470719969155
2012-04-03 07:00:00,-7.224390372236317
2012-04-03 08:00:00,-7.4292398814856515
2012-04-03 09:00:00,-7.459007936349721
2012-04-03 10:00:00,-7.4292398814856515
2012-04-03 11:00:00,-7.4292398814856515
2012-04-03 12:00:00,-7.4292398814856515
2012-04-03 13:00:00,-7.1970470719969155
2012-04-03 14:00:00,-7.4292398814856515
2012-04-03 15:00:00,-7.226815126860984
2012-04-03 16:00:00,-7.226815126860984
2012-04-03 17:00:00,-7.4292398814856515
2012-04-03 18:00:00,-7.4292398814856515
2012-04-03 19:00:00,-7.226815126860984
2012-04-03 20:00:00,-7.4292398814856515
2012-04-03 21:00:00,-7.4292398814856515
2012-04-03 22:00:00,-7.4292398814856515
2012-04-03 23:00:00,-7.4292398814856515
2012-04-04 00:00:00,-7.1970470719969155
2012-04-04 01:00:00,-7.459007936349721
2012-04-04 02:00:00,-7.459007936349721
2012-04-04 03:00:00,-6.274355970862881
2012-04-04 04:00:00,-7.4292398814856515
2012-04-04 05:00:00,-7.226815126860984
2012-04-04 06:00:00,-7.1970470719969155
2012-04-04 07:00:00,-2.839231742277876
2012-04-04 08:00:00,-7.1970470719969155
2012-04-04 09:00:00,-7.459007936349721
2012-04-04 10:00:00,-2.839231742277876
2012-04-04 11:00:00,-7.1385508219248
2012-04-04 12:00:00,-7.1385508219248
2012-04-04 13:00:00,-7.459007936349721
2012-04-04 14:00:00,-7.4292398814856515
2012-04-04 15:00:00,-5.854212690592801
2012-04-04 16:00:00,-7.4292398814856515
2012-04-04 17:00:00,-7.4292398814856515
2012-04-04 18:00:00,-7.4292398814856515
2012-04-04 19:00:00,-7.4292398814856515
2012-04-04 20:00:00,-7.4292398814856515
2012-04-04 21:00:00,-7.4292398814856515
2012-04-04 22:00:00,-7.4292398814856515
2012-04-04 23:00:00,-7.4292398814856515
2012-04-05 00:00:00,-5.051680227122089
2012-04-05 01:00:00,-7.4292398814856515
2012-04-05 02:00:00,-7.4292398814856515
2012-04-05 03:00:00,-7.4292398814856515
2012-04-05 04:00:00,-7.370743631413537
2012-04-05 05:00:00,-7.4292398814856515
2012-04-05 06:00:00,-7.4292398814856515
2012-04-05 07:00:00,-7.4292398814856515
2012-04-05 08:00:00,-7.4292398814856515
2012-04-05 09:00:00,-7.4292398814856515
2012-04-05 10:00:00,-7.4292398814856515
2012-04-05 11:00:00,-7.1385508219248
2012-04-05 12:00:00,-7.238550821924799
2012-04-05 13:00:00,-7.1970470719969155
2012-04-05 14:00:00,-7.4292398814856515
2012-04-05 15:00:00,-7.1385508219248
2012-04-05 16:00:00,-7.459007936349721
2012-04-05 17:00:00,-5.051680227122089
2012-04-05 18:00:00,-7.4292398814856515
2012-04-05 19:00:00,-7.1385508219248
2012-04-05 20:00:00,-7.226815126860984
2012-04-05 21:00:00,-7.1970470719969155
2012-04-05 22:00:00,-7.1385508219248
2012-04-05 23:00:00,-7.1970470719969155
2012-04-06 00:00:00,-7.4292398814856515
2012-04-06 01:00:00,-4.368414591080044
2012-04-06 02:00:00,-7.459007936349721
2012-04-06 03:00:00,-5.920559912923307
2012-04-06 04:00:00,-7.370743631413537
2012-04-06 05:00:00,-7.459007936349721
2012-04-06 06:00:00,-7.226815126860984
2012-04-06 07:00:00,-7.459007936349721
2012-04-06 08:00:00,-6.552752722412043
2012-04-06 09:00:00,-7.4292398814856515
2012-04-06 10:00:00,-5.051680227122089
2012-04-06 11:00:00,-7.1970470719969155
2012-04-06 12:00:00,-7.4292398814856515
2012-04-06 13:00:00,-7.4292398814856515
2012-04-06 14:00:00,-7.1385508219248
2012-04-06 15:00:00,-7.459007936349721
2012-04-06 16:00:00,-7.338550821924801
2012-04-06 17:00:00,-7.459007936349721
2012-04-06 18:00:00,-7.1385508219248
2012-04-06 19:00:00,-7.4292398814856515
2012-04-06 20:00:00,-7.4292398814856515
2012-04-06 21:00:00,-7.459007936349721
2012-04-06 22:00:00,-7.1385508219248
2012-04-06 23:00:00,-7.4292398814856515
2012-04-07 00:00:00,-7.459007936349721
2012-04-07 01:00:00,-7.4292398814856515
2012-04-07 02:00:00,-7.226815126860984
2012-04-07 03:00:00,-5.051680227122089
2012-04-07 04:00:00,-7.1385508219248
2012-04-07 05:00:00,-7.1970470719969155
2012-04-07 06:00:00,-7.4292398814856515
2012-04-07 07:00:00,-7.1970470719969155
2012-04-07 08:00:00,-7.4292398814856515
2012-04-07 09:00:00,-7.168318876788868
2012-04-07 10:00:00,-7.4292398814856515
2012-04-07 11:00:00,-7.4292398814856515
2012-04-07 12:00:00,-7.226815126860984
2012-04-07 13:00:00,-7.226815126860984
2012-04-07 14:00:00,-7.4292398814856515
2012-04-07 15:00:00,-7.459007936349721
2012-04-07 16:00:00,-7.4292398814856515
2012-04-07 17:00:00,-7.370743631413537
2012-04-07 18:00:00,-7.4292398814856515
2012-04-07 19:00:00,-7.1970470719969155
2012-04-07 20:00:00,-5.051680227122089
2012-04-07 21:00:00,-7.168318876788868
2012-04-07 22:00:00,-7.459007936349721
2012-04-07 23:00:00,-7.1970470719969155
2012-04-08 00:00:00,-7.4292398814856515
2012-04-08 01:00:00,-7.226815126860984
2012-04-08 02:00:00,-7.1385508219248
2012-04-08 03:00:00,-7.459007936349721
2012-04-08 04:00:00,-7.459007936349721
2012-04-08 05:00:00,-7.1970470719969155
2012-04-08 06:00:00,-5.66352363103195
2012-04-08 07:00:00,-7.4292398814856515
2012-04-08 08:00:00,-7.1385508219248
2012-04-08 09:00:00,-6.450327967787375
2012-04-08 10:00:00,-7.4292398814856515
2012-04-08 11:00:00,-7.4292398814856515
2012-04-08 12:00:00,-7.4292398814856515
2012-04-08 13:00:00,-5.051680227122089
2012-04-08 14:00:00,-7.370743631413537
2012-04-08 15:00:00,-7.1385508219248
2012-04-08 16:00:00,-7.4292398814856515
2012-04-08 17:00:00,-7.459007936349721
2012-04-08 18:00:00,-7.459007936349721
2012-04-08 19:00:00,-7.4292398814856515
2012-04-08 20:00:00,-7.459007936349721
2012-04-08 21:00:00,-7.459007936349721
2012-04-08 22:00:00,-7.4292398814856515
2012-04-08 23:00:00,-7.459007936349721
2012-04-09 00:00:00,-7.226815126860984
2012-04-09 01:00:00,-7.4292398814856515
2012-04-09 02:00:00,-7.1385508219248
2012-04-09 03:00:00,-7.4292398814856515
2012-04-09 04:00:00,-7.4292398814856515
2012-04-09 05:00:00,-7.4292398814856515
2012-04-09 06:00:00,-5.051680227122089
2012-04-09 07:00:00,-7.1970470719969155
2012-04-09 08:00:00,-7.4292398814856515
2012-04-09 09:00:00,-7.459007936349721
2012-04-09 10:00:00,-7.1970470719969155
2012-04-09 11:00:00,-7.4292398814856515
2012-04-09 12:00:00,-7.226815126860984
2012-04-09 13:00:00,-7.226815126860984
2012-04-09 14:00:00,-7.226815126860984
2012-04-09 15:00:00,-7.226815126860984
2012-04-09 16:00:00,-3.8398743691938195
2012-04-09 17:00:00,-7.4292398814856515
2012-04-09 18:00:00,-7.4292398814856515
2012-04-09 19:00:00,-7.4292398814856515
2012-04-09 20:00:00,-7.1970470719969155
2012-04-09 21:00:00,-7.459007936349721
2012-04-09 22:00:00,-7.4292398814856515
2012-04-09 23:00:00,-5.051680227122089
2012-04-10 00:00:00,-7.4292398814856515
2012-04-10 01:00:00,-7.1970470719969155
2012-04-10 02:00:00,-7.1970470719969155
2012-04-10 03:00:00,-7.4292398814856515
2012-04-10 04:00:00,-7.459007936349721
2012-04-10 05:00:00,-7.4292398814856515
2012-04-10 06:00:00,-7.4292398814856515
2012-04-10 07:00:00,-7.1970470719969155
2012-04-10 08:00:00,-7.459007936349721
2012-04-10 09:00:00,-5.66352363103195
2012-04-10 10:00:00,-7.4292398814856515
2012-04-10 11:00:00,-7.4292398814856515
2012-04-10 12:00:00,-7.4292398814856515
2012-04-10 13:00:00,-7.226815126860984
2012-04-10 14:00:00,-7.226815126860984
2012-04-10 15:00:00,-7.4292398814856515
2012-04-10 16:00:00,-5.051680227122089
2012-04-10 17:00:00,-7.1970470719969155
2012-04-10 18:00:00,-7.4292398814856515
2012-04-10 19:00:00,-7.4292398814856515
2012-04-10 20:00:00,-7.226815126860984
2012-04-10 21:00:00,-7.459007936349721
2012-04-10 22:00:00,-7.1970470719969155
2012-04-10 23:00:00,-7.4292398814856515
2012-04-11 00:00:00,-7.459007936349721
2012-04-11 01:00:00,-7.4292398814856515
2012-04-11 02:00:00,-7.226815126860984
2012-04-11 03:00:00,-7.1970470719969155
2012-04-11 04:00:00,-7.1970470719969155
2012-04-11 05:00:00,-7.4292398814856515
2012-04-11 06:00:00,-7.168318876788868
2012-04-11 07:00:00,-7.4292398814856515
2012-04-11 08:00:00,-7.4292398814856515
2012-04-11 09:00:00,-5.051680227122089
2012-04-11 10:00:00,-7.226815126860984
2012-04-11 11:00:00,-7.4292398814856515
2012-04-11 12:00:00,-7.4292398814856515
2012-04-11 13:00:00,-7.4292398814856515
2012-04-11 14:00:00,-7.4292398814856515
2012-04-11 15:00:00,-7.1970470719969155
2012-04-11 16:00:00,-2.960733031374961
2012-04-11 17:00:00,-2.960733031374961
2012-04-11 18:00:00,-2.960733031374961
2012-04-11 19:00:00,-2.960733031374961
2012-04-11 20:00:00,-2.960733031374961
2012-04-11 21:00:00,-2.960733031374961
2012-04-11 22:00:00,-2.960733031374961
2012-04-11 23:00:00,-2.960733031374961
2012-04-12 00:00:00,-2.960733031374961
2012-04-12 01:00:00,-2.932192809488736
2012-04-12 02:00:00,-5.007624656623736
2012-04-12 03:00:00,-2.960733031374961
2012-04-12 04:00:00,-2.960733031374961
2012-04-12 05:00:00,-2.960733031374961
2012-04-12 06:00:00,-2.960733031374961
2012-04-12 07:00:00,-3.2607330313749614
2012-04-12 08:00:00,-3.2607330313749614
2012-04-12 09:00:00,-2.960733031374961
2012-04-12 10:00:00,-2.960733031374961
2012-04-12 11:00:00,-2.960733031374961
2012-04-12 12:00:00,-2.960733031374961
2012-04-12 13:00:00,-2.960733031374961
2012-04-12 14:00:00,-2.960733031374961
2012-04-12 15:00:00,-2.932192809488736
2012-04-12 16:00:00,-2.960733031374961
2012-04-12 17:00:00,-2.960733031374961
2012-04-12 18:00:00,-2.960733031374961
2012-04-12 19:00:00,-5.007624656623736
2012-04-12 20:00:00,-2.960733031374961
2012-04-12 21:00:00,-2.960733031374961
2012-04-12 22:00:00,-2.960733031374961
2012-04-12 23:00:00,-2.960733031374961
2012-04-13 00:00:00,-2.960733031374961
2012-04-13 01:00:00,-2.960733031374961
2012-04-13 02:00:00,-2.960733031374961
2012-04-13 03:00:00,-2.960733031374961
2012-04-13 04:00:00,-2.960733031374961
2012-04-13 05:00:00,-2.960733031374961
2012-04-13 06:00:00,-2.960733031374961
2012-04-13 07:00:00,-2.960733031374961
2012-04-13 08:00:00,-2.960733031374961
2012-04-13 09:00:00,-2.960733031374961
2012-04-13 10:00:00,-2.960733031374961
2012-04-13 11:00:00,-2.960733031374961
2012-04-13 12:00:00,-2.932192809488736
2012-04-13 13:00:00,-5.123376945044692
2012-04-13 14:00:00,-3.160733031374961
2012-04-13 15:00:00,-2.960733031374961
2012-04-13 16:00:00,-2.960733031374961
2012-04-13 17:00:00,-2.960733031374961
2012-04-13 18:00:00,-2.960733031374961
2012-04-13 19:00:00,-2.960733031374961
2012-04-13 20:00:00,-2.960733031374961
2012-04-13 21:00:00,-2.960733031374961
2012-04-13 22:00:00,-2.960733031374961
2012-04-13 23:00:00,-2.960733031374961
2012-04-14 00:00:00,-2.960733031374961
2012-04-14 01:00:00,-2.960733031374961
2012-04-14 02:00:00,-2.960733031374961
2012-04-14 03:00:00,-2.960733031374961
2012-04-14 04:00:00,-2.960733031374961
2012-04-14 05:00:00,-3.4607330313749616
2012-04-14 06:00:00,-7.7343347143716885
2012-04-14 07:00:00,-2.960733031374961
2012-04-14 08:00:00,-2.960733031374961
2012-04-14 09:00:00,-4.316992500144231
2012-04-14 10:00:00,-2.960733031374961
2012-04-14 11:00:00,-2.960733031374961
2012-04-14 12:00:00,-2.960733031374961
2012-04-14 13:00:00,-2.960733031374961
2012-04-14 14:00:00,-2.960733031374961
2012-04-14 15:00:00,-2.960733031374961
2012-04-14 16:00:00,-2.960733031374961
2012-04-14 17:00:00,-2.960733031374961
2012-04-14 18:00:00,-2.960733031374961
2012-04-14 19:00:00,-2.960733031374961
2012-04-14 20:00:00,-3.2607330313749614
2012-04-14 21:00:00,-2.960733031374961
2012-04-14 22:00:00,-2.960733031374961
2012-04-14 23:00:00,-2.960733031374961
2012-04-15 00:00:00,-3.160733031374961
2012-04-15 01:00:00,-2.960733031374961
2012-04-15 02:00:00,-5.007624656623736
2012-04-15 03:00:00,-2.960733031374961
2012-04-15 04:00:00,-3.160733031374961
2012-04-15 05:00:00,-2.960733031374961
2012-04-15 06:00:00,-2.960733031374961
2012-04-15 07:00:00,-3.3
2012-04-15 08:00:00,-2.960733031374961
2012-04-15 09:00:00,-2.960733031374961
2012-04-15 10:00:00,-4.267948009950545
2012-04-15 11:00:00,-2.960733031374961
2012-04-15 12:00:00,-2.960733031374961
2012-04-15 13:00:00,-2.960733031374961
2012-04-15 14:00:00,-2.960733031374961
2012-04-15 15:00:00,-3.332192809488736
2012-04-15 16:00:00,-2.960733031374961
2012-04-15 17:00:00,-2.960733031374961
2012-04-15 18:00:00,-2.960733031374961
2012-04-15 19:00:00,-5.007624656623736
2012-04-15 20:00:00,-2.960733031374961
2012-04-15 21:00:00,-2.960733031374961
2012-04-15 22:00:00,-2.960733031374961
2012-04-15 23:00:00,-2.960733031374961
2012-04-16 00:00:00,-2.960733031374961
2012-04-16 01:00:00,-3.332192809488736
2012-04-16 02:00:00,-2.928540221886225
2012-04-16 03:00:00,-2.0
2012-04-16 04:00:00,-2.732192809488736
2012-04-16 05:00:00,-3.2607330313749614
2012-04-16 06:00:00,-2.932192809488736
2012-04-16 07:00:00,-4.190689059560851
2012-04-16 08:00:00,-5.007624656623736
2012-04-16 09:00:00,-4.132192809488736
2012-04-16 10:00:00,-2.960733031374961
2012-04-16 11:00:00,-2.960733031374961
2012-04-16 12:00:00,-1.9
2012-04-16 13:00:00,-6.334093234859375
2012-04-16 14:00:00,-6.168437709340504
2012-04-16 15:00:00,-3.0906890595608516
2012-04-16 16:00:00,-4.222881869049589
2012-04-16 17:00:00,-3.0679480099505447
2012-04-16 18:00:00,-2.832192809488736
2012-04-16 19:00:00,-2.960733031374961
2012-04-16 20:00:00,-2.732192809488736
2012-04-16 21:00:00,-2.960733031374961
2012-04-16 22:00:00,-2.960733031374961
2012-04-16 23:00:00,-2.960733031374961
2012-04-17 00:00:00,-2.960733031374961
2012-04-17 01:00:00,-3.432192809488736
2012-04-17 02:00:00,-2.960733031374961
2012-04-17 03:00:00,-2.960733031374961
2012-04-17 04:00:00,-2.960733031374961
2012-04-17 05:00:00,-3.0357552004618085
2012-04-17 06:00:00,-2.960733031374961
2012-04-17 07:00:00,-2.960733031374961
2012-04-17 08:00:00,-2.960733031374961
2012-04-17 09:00:00,-2.960733031374961
2012-04-17 10:00:00,-3.0357552004618085
2012-04-17 11:00:00,-3.0679480099505447
2012-04-17 12:00:00,-2.960733031374961
2012-04-17 13:00:00,-2.960733031374961
2012-04-17 14:00:00,-2.960733031374961
2012-04-17 15:00:00,-2.960733031374961
2012-04-17 16:00:00,-2.960733031374961
2012-04-17 17:00:00,-2.960733031374961
2012-04-17 18:00:00,-2.960733031374961
2012-04-17 19:00:00,-2.960733031374961
2012-04-17 20:00:00,-2.960733031374961
2012-04-17 21:00:00,-2.960733031374961
2012-04-17 22:00:00,-2.960733031374961
2012-04-17 23:00:00,-3.160733031374961
2012-04-18 00:00:00,-2.960733031374961
2012-04-18 01:00:00,-2.960733031374961
2012-04-18 02:00:00,-3.2607330313749614
2012-04-18 03:00:00,-3.5679480099505447
2012-04-18 04:00:00,-3.8607330313749615
2012-04-18 05:00:00,-2.960733031374961
2012-04-18 06:00:00,-2.960733031374961
2012-04-18 07:00:00,-2.960733031374961
2012-04-18 08:00:00,-2.960733031374961
2012-04-18 09:00:00,-2.960733031374961
2012-04-18 10:00:00,-2.960733031374961
2012-04-18 11:00:00,-2.960733031374961
2012-04-18 12:00:00,-2.960733031374961
2012-04-18 13:00:00,-2.732192809488736
2012-04-18 14:00:00,-2.960733031374961
2012-04-18 15:00:00,-2.960733031374961
2012-04-18 16:00:00,-2.960733031374961
2012-04-18 17:00:00,-2.960733031374961
2012-04-18 18:00:00,-2.960733031374961
2012-04-18 19:00:00,-2.960733031374961
2012-04-18 20:00:00,-2.960733031374961
2012-04-18 21:00:00,-2.960733031374961
2012-04-18 22:00:00,-2.960733031374961
2012-04-18 23:00:00,-2.960733031374961
2012-04-19 00:00:00,-2.960733031374961
2012-04-19 01:00:00,-2.960733031374961
2012-04-19 02:00:00,-2.960733031374961
2012-04-19 03:00:00,-2.960733031374961
2012-04-19 04:00:00,-2.960733031374961
2012-04-19 05:00:00,-2.960733031374961
2012-04-19 06:00:00,-2.960733031374961
2012-04-19 07:00:00,-2.960733031374961
2012-04-19 08:00:00,-2.960733031374961
2012-04-19 09:00:00,-2.932192809488736
2012-04-19 10:00:00,-2.960733031374961
2012-04-19 11:00:00,-2.960733031374961
2012-04-19 12:00:00,-2.732192809488736
2012-04-19 13:00:00,-2.960733031374961
2012-04-19 14:00:00,-2.960733031374961
2012-04-19 15:00:00,-2.960733031374961
2012-04-19 16:00:00,-2.960733031374961
2012-04-19 17:00:00,-2.960733031374961
2012-04-19 18:00:00,-2.960733031374961
2012-04-19 19:00:00,-2.960733031374961
2012-04-19 20:00:00,-3.2607330313749614
2012-04-19 21:00:00,-2.960733031374961
2012-04-19 22:00:00,-2.960733031374961
2012-04-19 23:00:00,-3.160733031374961
2012-04-20 00:00:00,-2.960733031374961
2012-04-20 01:00:00,-2.928540221886225
2012-04-20 02:00:00,-2.960733031374961
2012-04-20 03:00:00,-2.932192809488736
2012-04-20 04:00:00,-2.960733031374961
2012-04-20 05:00:00,-3.160733031374961
2012-04-20 06:00:00,-2.960733031374961
2012-04-20 07:00:00,-3.160733031374961
2012-04-20 08:00:00,-2.732192809488736
2012-04-20 09:00:00,-2.960733031374961
2012-04-20 10:00:00,-2.960733031374961
2012-04-20 11:00:00,-2.960733031374961
2012-04-20 12:00:00,-3.232192809488736
2012-04-20 13:00:00,-2.960733031374961
2012-04-20 14:00:00,-2.960733031374961
2012-04-20 15:00:00,-2.732192809488736
2012-04-20 16:00:00,-3.2607330313749614
2012-04-20 17:00:00,-2.960733031374961
2012-04-20 18:00:00,-3.160733031374961
2012-04-20 19:00:00,-2.960733031374961
2012-04-20 20:00:00,-2.732192809488736
2012-04-20 21:00:00,-2.960733031374961
2012-04-20 22:00:00,-2.960733031374961
2012-04-20 23:00:00,-2.960733031374961
2012-04-21 00:00:00,-2.4
2012-04-21 01:00:00,-2.960733031374961
2012-04-21 02:00:00,-3.2607330313749614
2012-04-21 03:00:00,-2.960733031374961
2012-04-21 04:00:00,-2.960733031374961
2012-04-21 05:00:00,-2.932192809488736
2012-04-21 06:00:00,-2.960733031374961
2012-04-21 07:00:00,-2.960733031374961
2012-04-21 08:00:00,-2.960733031374961
2012-04-21 09:00:00,-2.960733031374961
2012-04-21 10:00:00,-2.960733031374961
2012-04-21 11:00:00,-2.960733031374961
2012-04-21 12:00:00,-2.960733031374961
2012-04-21 13:00:00,-3.2607330313749614
2012-04-21 14:00:00,-2.932192809488736
2012-04-21 15:00:00,-2.960733031374961
2012-04-21 16:00:00,-4.558637069511397
2012-04-21 17:00:00,-2.960733031374961
2012-04-21 18:00:00,-2.960733031374961
2012-04-21 19:00:00,-2.960733031374961
2012-04-21 20:00:00,-3.160733031374961
2012-04-21 21:00:00,-2.960733031374961
2012-04-21 22:00:00,-3.4607330313749616
2012-04-21 23:00:00,-2.960733031374961
2012-04-22 00:00:00,-3.232192809488736
2012-04-22 01:00:00,-3.160733031374961
2012-04-22 02:00:00,-4.397727992349991
2012-04-22 03:00:00,-4.039231742277876
2012-04-22 04:00:00,-4.039231742277876
2012-04-22 05:00:00,-4.439231742277876
2012-04-22 06:00:00,-4.439231742277876
2012-04-22 07:00:00,-4.039231742277876
2012-04-22 08:00:00,-4.397727992349991
2012-04-22 09:00:00,-4.039231742277876
2012-04-22 10:00:00,-3.9977279923499913
2012-04-22 11:00:00,-4.039231742277876
2012-04-22 12:00:00,-3.9977279923499913
2012-04-22 13:00:00,-3.9977279923499913
2012-04-22 14:00:00,-4.397727992349991
2012-04-22 15:00:00,-4.039231742277876
2012-04-22 16:00:00,-3.9977279923499913
2012-04-22 17:00:00,-4.039231742277876
2012-04-22 18:00:00,-4.756224242422107
2012-04-22 19:00:00,-4.039231742277876
2012-04-22 20:00:00,-3.9977279923499913
2012-04-22 21:00:00,-3.9977279923499913
2012-04-22 22:00:00,-3.9977279923499913
2012-04-22 23:00:00,-4.039231742277876
2012-04-23 00:00:00,-3.9977279923499913
2012-04-23 01:00:00,-3.839231742277876
2012-04-23 02:00:00,-4.883526091862748
2012-04-23 03:00:00,-3.9977279923499913
2012-04-23 04:00:00,-4.397727992349991
2012-04-23 05:00:00,-4.039231742277876
2012-04-23 06:00:00,-3.839231742277876
2012-04-23 07:00:00,-4.756224242422107
2012-04-23 08:00:00,-4.439231742277876
2012-04-23 09:00:00,-4.397727992349991
2012-04-23 10:00:00,-3.9977279923499913
2012-04-23 11:00:00,-3.9977279923499913
2012-04-23 12:00:00,-4.397727992349991
2012-04-23 13:00:00,-3.9977279923499913
2012-04-23 14:00:00,-5.1699447063281765
2012-04-23 15:00:00,-4.725650356743303
2012-04-23 16:00:00,-4.397727992349991
2012-04-23 17:00:00,-3.839231742277876
2012-04-23 18:00:00,-4.684146606815419
2012-04-23 19:00:00,-3.839231742277876
2012-04-23 20:00:00,-3.839231742277876
2012-04-23 21:00:00,-4.969944706328176
2012-04-23 22:00:00,-4.397727992349991
2012-04-23 23:00:00,-3.2
2012-04-24 00:00:00,-4.397727992349991
2012-04-24 01:00:00,-4.684146606815419
2012-04-24 02:00:00,-3.439231742277876
2012-04-24 03:00:00,-4.684146606815419
2012-04-24 04:00:00,-4.197727992349991
2012-04-24 05:00:00,-4.039231742277876
2012-04-24 06:00:00,-4.439231742277876
2012-04-24 07:00:00,-4.039231742277876
2012-04-24 08:00:00,-4.039231742277876
2012-04-24 09:00:00,-4.684146606815419
2012-04-24 10:00:00,-4.397727992349991
2012-04-24 11:00:00,-4.397727992349991
2012-04-24 12:00:00,-3.439231742277876
2012-04-24 13:00:00,-4.797727992349992
2012-04-24 14:00:00,-4.039231742277876
2012-04-24 15:00:00,-4.397727992349991
2012-04-24 16:00:00,-4.2478981627291175
2012-04-24 17:00:00,-4.039231742277876
2012-04-24 18:00:00,-4.397727992349991
2012-04-24 19:00:00,-4.397727992349991
2012-04-24 20:00:00,-4.039231742277876
2012-04-24 21:00:00,-4.756224242422107
2012-04-24 22:00:00,-4.039231742277876
2012-04-24 23:00:00,-3.839231742277876
2012-04-25 00:00:00,-3.9977279923499913
2012-04-25 01:00:00,-4.397727992349991
2012-04-25 02:00:00,-4.439231742277876
2012-04-25 03:00:00,-4.439231742277876
2012-04-25 04:00:00,-3.9977279923499913
2012-04-25 05:00:00,-4.039231742277876
2012-04-25 06:00:00,-4.039231742277876
2012-04-25 07:00:00,-4.397727992349991
2012-04-25 08:00:00,-4.039231742277876
2012-04-25 09:00:00,-4.2478981627291175
2012-04-25 10:00:00,-4.039231742277876
2012-04-25 11:00:00,-4.039231742277876
2012-04-25 12:00:00,-3.9977279923499913
2012-04-25 13:00:00,-4.039231742277876
2012-04-25 14:00:00,-3.839231742277876
2012-04-25 15:00:00,-4.039231742277876
2012-04-25 16:00:00,-3.9977279923499913
2012-04-25 17:00:00,-3.9977279923499913
2012-04-25 18:00:00,-4.039231742277876
2012-04-25 19:00:00,-4.397727992349991
2012-04-25 20:00:00,-4.397727992349991
2012-04-25 21:00:00,-4.039231742277876
2012-04-25 22:00:00,-4.397727992349991
2012-04-25 23:00:00,-4.439231742277876
2012-04-26 00:00:00,-4.039231742277876
2012-04-26 01:00:00,-3.9977279923499913
2012-04-26 02:00:00,-4.2478981627291175
2012-04-26 03:00:00,-4.039231742277876
2012-04-26 04:00:00,-3.839231742277876
2012-04-26 05:00:00,-4.397727992349991
2012-04-26 06:00:00,-4.039231742277876
2012-04-26 07:00:00,-4.039231742277876
2012-04-26 08:00:00,-4.439231742277876
2012-04-26 09:00:00,-3.5807354922057604
2012-04-26 10:00:00,-4.397727992349991
2012-04-26 11:00:00,-4.397727992349991
2012-04-26 12:00:00,-3.9977279923499913
2012-04-26 13:00:00,-4.039231742277876
2012-04-26 14:00:00,-4.397727992349991
2012-04-26 15:00:00,-4.039231742277876
2012-04-26 16:00:00,-4.397727992349991
2012-04-26 17:00:00,-4.039231742277876
2012-04-26 18:00:00,-4.397727992349991
2012-04-26 19:00:00,-2.4807354922057607
2012-04-26 20:00:00,-3.9977279923499913
2012-04-26 21:00:00,-4.039231742277876
2012-04-26 22:00:00,-4.039231742277876
2012-04-26 23:00:00,-3.9977279923499913
2012-04-27 00:00:00,-4.039231742277876
2012-04-27 01:00:00,-3.9977279923499913
2012-04-27 02:00:00,-2.8584962500721156
2012-04-27 03:00:00,-4.958496250072115
2012-04-27 04:00:00,-4.397727992349991
2012-04-27 05:00:00,-4.397727992349991
2012-04-27 06:00:00,-3.0
2012-04-27 07:00:00,-4.397727992349991
2012-04-27 08:00:00,-4.439231742277876
2012-04-27 09:00:00,-3.9977279923499913
2012-04-27 10:00:00,-4.439231742277876
2012-04-27 11:00:00,-4.397727992349991
2012-04-27 12:00:00,-3.9977279923499913
2012-04-27 13:00:00,-4.039231742277876
2012-04-27 14:00:00,-4.039231742277876
2012-04-27 15:00:00,-4.439231742277876
2012-04-27 16:00:00,-4.397727992349991
2012-04-27 17:00:00,-3.9977279923499913
2012-04-27 18:00:00,-4.397727992349991
2012-04-27 19:00:00,-3.9977279923499913
2012-04-27 20:00:00,-3.416992500144231
2012-04-27 21:00:00,-4.397727992349991
2012-04-27 22:00:00,-3.9977279923499913
2012-04-27 23:00:00,-3.3
2012-04-28 00:00:00,-4.039231742277876
2012-04-28 01:00:00,-4.397727992349991
2012-04-28 02:00:00,-4.039231742277876
2012-04-28 03:00:00,-4.039231742277876
2012-04-28 04:00:00,-4.039231742277876
2012-04-28 05:00:00,-3.939231742277876
2012-04-28 06:00:00,-3.7169925001442308
2012-04-28 07:00:00,-4.039231742277876
2012-04-28 08:00:00,-4.039231742277876
2012-04-28 09:00:00,-4.039231742277876
2012-04-28 10:00:00,-4.039231742277876
2012-04-28 11:00:00,-4.039231742277876
2012-04-28 12:00:00,-4.039231742277876
2012-04-28 13:00:00,-4.397727992349991
2012-04-28 14:00:00,-4.039231742277876
2012-04-28 15:00:00,-4.397727992349991
2012-04-28 16:00:00,-4.397727992349991
2012-04-28 17:00:00,-3.9977279923499913
2012-04-28 18:00:00,-4.039231742277876
2012-04-28 19:00:00,-3.9977279923499913
2012-04-28 20:00:00,-4.397727992349991
2012-04-28 21:00:00,-4.397727992349991
2012-04-28 22:00:00,-3.9977279923499913
2012-04-28 23:00:00,-4.039231742277876
2012-04-29 00:00:00,-3.9977279923499913
2012-04-29 01:00:00,-4.397727992349991
2012-04-29 02:00:00,-2.4
2012-04-29 03:00:00,-4.397727992349991
2012-04-29 04:00:00,-4.039231742277876
2012-04-29 05:00:00,-4.397727992349991
2012-04-29 06:00:00,-3.9977279923499913
2012-04-29 07:00:00,-4.397727992349991
2012-04-29 08:00:00,-3.9977279923499913
2012-04-29 09:00:00,-3.9977279923499913
2012-04-29 10:00:00,-4.039231742277876
2012-04-29 11:00:00,-4.039231742277876
2012-04-29 12:00:00,-4.039231742277876
2012-04-29 13:00:00,-5.1076815597050835
2012-04-29 14:00:00,-3.9977279923499913
2012-04-29 15:00:00,-4.039231742277876
2012-04-29 16:00:00,-4.397727992349991
2012-04-29 17:00:00,-4.439231742277876
2012-04-29 18:00:00,-4.039231742277876
2012-04-29 19:00:00,-3.539231742277876
2012-04-29 20:00:00,-4.397727992349991
2012-04-29 21:00:00,-4.039231742277876
2012-04-29 22:00:00,-3.9977279923499913
2012-04-29 23:00:00,-4.039231742277876
2012-04-30 00:00:00,-4.397727992349991
2012-04-30 01:00:00,-3.7584962500721155
2012-04-30 02:00:00,-3.412928301694497
2012-04-30 03:00:00,-4.397727992349991
2012-04-30 04:00:00,-4.397727992349991
2012-04-30 05:00:00,-4.039231742277876
2012-04-30 06:00:00,-4.039231742277876
2012-04-30 07:00:00,-4.039231742277876
2012-04-30 08:00:00,-4.039231742277876
2012-04-30 09:00:00,-4.397727992349991
2012-04-30 10:00:00,-4.397727992349991
2012-04-30 11:00:00,-3.9977279923499913
2012-04-30 12:00:00,-2.9584962500721153
2012-04-30 13:00:00,-4.397727992349991
2012-04-30 14:00:00,-4.397727992349991
2012-04-30 15:00:00,-4.039231742277876
2012-04-30 16:00:00,-3.9977279923499913
2012-04-30 17:00:00,-4.397727992349991
2012-04-30 18:00:00,-4.439231742277876
2012-04-30 19:00:00,-4.039231742277876
2012-04-30 20:00:00,-4.397727992349991
2012-04-30 21:00:00,-4.397727992349991
2012-04-30 22:00:00,-4.439231742277876
2012-04-30 23:00:00,-4.039231742277876
2012-05-01 00:00:00,-3.839231742277876
2012-05-01 01:00:00,-4.039231742277876
2012-05-01 02:00:00,-3.9977279923499913
2012-05-01 03:00:00,-4.039231742277876
2012-05-01 04:00:00,-4.397727992349991
2012-05-01 05:00:00,-3.9977279923499913
2012-05-01 06:00:00,-3.9977279923499913
2012-05-01 07:00:00,-3.9977279923499913
2012-05-01 08:00:00,-4.397727992349991
2012-05-01 09:00:00,-4.397727992349991
2012-05-01 10:00:00,-4.397727992349991
2012-05-01 11:00:00,-4.039231742277876
2012-05-01 12:00:00,-3.9977279923499913
2012-05-01 13:00:00,-3.9977279923499913
2012-05-01 14:00:00,-3.9977279923499913
2012-05-01 15:00:00,-3.9977279923499913
2012-05-01 16:00:00,-3.2285402218862247
2012-05-01 17:00:00,-4.039231742277876
2012-05-01 18:00:00,-2.3
2012-05-01 19:00:00,-3.9977279923499913
2012-05-01 20:00:00,-4.397727992349991
2012-05-01 21:00:00,-4.039231742277876
2012-05-01 22:00:00,-3.9977279923499913
2012-05-01 23:00:00,-3.9977279923499913
2012-05-02 00:00:00,-4.039231742277876
2012-05-02 01:00:00,-4.397727992349991
2012-05-02 02:00:00,-4.397727992349991
2012-05-02 03:00:00,-4.039231742277876
2012-05-02 04:00:00,-4.039231742277876
2012-05-02 05:00:00,-4.039231742277876
2012-05-02 06:00:00,-4.039231742277876
2012-05-02 07:00:00,-3.9977279923499913
2012-05-02 08:00:00,-4.039231742277876
2012-05-02 09:00:00,-4.039231742277876
2012-05-02 10:00:00,-3.9977279923499913
2012-05-02 11:00:00,-4.039231742277876
2012-05-02 12:00:00,-4.795503684982807
2012-05-02 13:00:00,-4.795503684982807
2012-05-02 14:00:00,-4.795503684982807
2012-05-02 15:00:00,-4.795503684982807
2012-05-02 16:00:00,-5.387984935343386
2012-05-02 17:00:00,-5.387984935343386
2012-05-02 18:00:00,-4.795503684982807
2012-05-02 19:00:00,-4.795503684982807
2012-05-02 20:00:00,-4.795503684982807
2012-05-02 21:00:00,-4.795503684982807
2012-05-02 22:00:00,-4.795503684982807
2012-05-02 23:00:00,-4.795503684982807
2012-05-03 00:00:00,-4.795503684982807
2012-05-03 01:00:00,-4.2714245517666125
2012-05-03 02:00:00,-4.795503684982807
2012-05-03 03:00:00,-3.8977279923499912
2012-05-03 04:00:00,-4.103617361255348
2012-05-03 05:00:00,-5.387984935343386
2012-05-03 06:00:00,-4.795503684982807
2012-05-03 07:00:00,-4.795503684982807
2012-05-03 08:00:00,-4.371424551766612
2012-05-03 09:00:00,-3.939231742277876
2012-05-03 10:00:00,-4.795503684982807
2012-05-03 11:00:00,-5.527084137874605
2012-05-03 12:00:00,-4.190689059560851
2012-05-03 13:00:00,-5.25579212585465
2012-05-03 14:00:00,-4.460906328097407
2012-05-03 15:00:00,-4.795503684982807
2012-05-03 16:00:00,-3.9688250309133175
2012-05-03 17:00:00,-4.2714245517666125
2012-05-03 18:00:00,-4.795503684982807
2012-05-03 19:00:00,-6.771718162208105
2012-05-03 20:00:00,-4.403617361255348
2012-05-03 21:00:00,-3.8977279923499912
2012-05-03 22:00:00,-4.795503684982807
2012-05-03 23:00:00,-4.795503684982807
2012-05-04 00:00:00,-4.795503684982807
2012-05-04 01:00:00,-4.403617361255348
2012-05-04 02:00:00,-4.795503684982807
2012-05-04 03:00:00,-4.795503684982807
2012-05-04 04:00:00,-5.1930991375861435
2012-05-04 05:00:00,-5.387984935343386
2012-05-04 06:00:00,-5.785580387946721
2012-05-04 07:00:00,-5.326489211241487
2012-05-04 08:00:00,-4.795503684982807
2012-05-04 09:00:00,-4.795503684982807
2012-05-04 10:00:00,-4.895503684982808
2012-05-04 11:00:00,-4.795503684982807
2012-05-04 12:00:00,-2.792481250360578
2012-05-04 13:00:00,-4.403617361255348
2012-05-04 14:00:00,-4.403617361255348
2012-05-04 15:00:00,-4.403617361255348
2012-05-04 16:00:00,-4.403617361255348
2012-05-04 17:00:00,-4.403617361255348
2012-05-04 18:00:00,-4.403617361255348
2012-05-04 19:00:00,-4.934602887514027
2012-05-04 20:00:00,-4.403617361255348
2012-05-04 21:00:00,-4.403617361255348
2012-05-04 22:00:00,-4.403617361255348
2012-05-04 23:00:00,-4.403617361255348
2012-05-05 00:00:00,-4.934602887514027
2012-05-05 01:00:00,-4.403617361255348
2012-05-05 02:00:00,-4.403617361255348
2012-05-05 03:00:00,-4.403617361255348
2012-05-05 04:00:00,-4.403617361255348
2012-05-05 05:00:00,-3.9475559288989026
2012-05-05 06:00:00,-4.403617361255348
2012-05-05 07:00:00,-4.403617361255348
2012-05-05 08:00:00,-4.403617361255348
2012-05-05 09:00:00,-4.403617361255348
2012-05-05 10:00:00,-4.403617361255348
2012-05-05 11:00:00,-4.403617361255348
2012-05-05 12:00:00,-4.403617361255348
2012-05-05 13:00:00,-4.403617361255348
2012-05-05 14:00:00,-4.403617361255348
2012-05-05 15:00:00,-4.403617361255348
2012-05-05 16:00:00,-4.403617361255348
2012-05-05 17:00:00,-4.403617361255348
2012-05-05 18:00:00,-4.403617361255348
2012-05-05 19:00:00,-4.403617361255348
2012-05-05 20:00:00,-4.403617361255348
2012-05-05 21:00:00,-4.403617361255348
2012-05-05 22:00:00,-3.9475559288989026
2012-05-05 23:00:00,-4.403617361255348
2012-05-06 00:00:00,-4.403617361255348
2012-05-06 01:00:00,-4.403617361255348
2012-05-06 02:00:00,-4.403617361255348
2012-05-06 03:00:00,-4.403617361255348
2012-05-06 04:00:00,-4.403617361255348
2012-05-06 05:00:00,-4.403617361255348
2012-05-06 06:00:00,-4.403617361255348
2012-05-06 07:00:00,-4.403617361255348
2012-05-06 08:00:00,-4.403617361255348
2012-05-06 09:00:00,-4.403617361255348
2012-05-06 10:00:00,-4.934602887514027
2012-05-06 11:00:00,-4.602410078025291
2012-05-06 12:00:00,-4.403617361255348
2012-05-06 13:00:00,-4.403617361255348
2012-05-06 14:00:00,-4.403617361255348
2012-05-06 15:00:00,-3.9475559288989026
2012-05-06 16:00:00,-4.403617361255348
2012-05-06 17:00:00,-4.403617361255348
2012-05-06 18:00:00,-4.403617361255348
2012-05-06 19:00:00,-4.403617361255348
2012-05-06 20:00:00,-4.403617361255348
2012-05-06 21:00:00,-4.403617361255348
2012-05-06 22:00:00,-4.403617361255348
2012-05-06 23:00:00,-4.403617361255348
2012-05-07 00:00:00,-4.403617361255348
2012-05-07 01:00:00,-4.403617361255348
2012-05-07 02:00:00,-4.403617361255348
2012-05-07 03:00:00,-4.403617361255348
2012-05-07 04:00:00,-3.9906890595608515
2012-05-07 05:00:00,-4.403617361255348
2012-05-07 06:00:00,-4.403617361255348
2012-05-07 07:00:00,-4.934602887514027
2012-05-07 08:00:00,-3.9475559288989026
2012-05-07 09:00:00,-4.934602887514027
2012-05-07 10:00:00,-4.403617361255348
2012-05-07 11:00:00,-4.322881869049588
2012-05-07 12:00:00,-4.403617361255348
2012-05-07 13:00:00,-4.403617361255348
2012-05-07 14:00:00,-4.403617361255348
2012-05-07 15:00:00,-4.403617361255348
2012-05-07 16:00:00,-4.403617361255348
2012-05-07 17:00:00,-4.403617361255348
2012-05-07 18:00:00,-4.403617361255348
2012-05-07 19:00:00,-4.403617361255348
2012-05-07 20:00:00,-4.403617361255348
2012-05-07 21:00:00,-4.403617361255348
2012-05-07 22:00:00,-4.403617361255348
2012-05-07 23:00:00,-4.403617361255348
2012-05-08 00:00:00,-4.403617361255348
2012-05-08 01:00:00,-3.9475559288989026
2012-05-08 02:00:00,-4.403617361255348
2012-05-08 03:00:00,-3.9475559288989026
2012-05-08 04:00:00,-4.474986942739685
2012-05-08 05:00:00,-4.403617361255348
2012-05-08 06:00:00,-4.403617361255348
2012-05-08 07:00:00,-4.403617361255348
2012-05-08 08:00:00,-3.9584962500721153
2012-05-08 09:00:00,-4.474986942739685
2012-05-08 10:00:00,-3.9584962500721153
2012-05-08 11:00:00,-4.403617361255348
2012-05-08 12:00:00,-4.403617361255348
2012-05-08 13:00:00,-3.9584962500721153
2012-05-08 14:00:00,-4.42871351860867
2012-05-08 15:00:00,-4.934602887514027
2012-05-08 16:00:00,-4.403617361255348
2012-05-08 17:00:00,-4.403617361255348
2012-05-08 18:00:00,-3.9475559288989026
2012-05-08 19:00:00,-4.403617361255348
2012-05-08 20:00:00,-4.197727992349991
2012-05-08 21:00:00,-4.322881869049588
2012-05-08 22:00:00,-4.322881869049588
2012-05-08 23:00:00,-4.322881869049588
2012-05-09 00:00:00,-4.322881869049588
2012-05-09 01:00:00,-4.322881869049588
2012-05-09 02:00:00,-4.322881869049588
2012-05-09 03:00:00,-4.322881869049588
2012-05-09 04:00:00,-4.322881869049588
2012-05-09 05:00:00,-4.322881869049588
2012-05-09 06:00:00,-4.322881869049588
2012-05-09 07:00:00,-4.322881869049588
2012-05-09 08:00:00,-4.322881869049588
2012-05-09 09:00:00,-4.322881869049588
2012-05-09 10:00:00,-4.322881869049588
2012-05-09 11:00:00,-3.9475559288989026
2012-05-09 12:00:00,-4.322881869049588
2012-05-09 13:00:00,-4.322881869049588
2012-05-09 14:00:00,-4.322881869049588
2012-05-09 15:00:00,-4.322881869049588
2012-05-09 16:00:00,-4.322881869049588
2012-05-09 17:00:00,-4.403617361255348
2012-05-09 18:00:00,-4.322881869049588
2012-05-09 19:00:00,-4.322881869049588
2012-05-09 20:00:00,-4.322881869049588
2012-05-09 21:00:00,-4.322881869049588
2012-05-09 22:00:00,-4.322881869049588
2012-05-09 23:00:00,-4.2714245517666125
2012-05-10 00:00:00,-4.322881869049588
2012-05-10 01:00:00,-4.322881869049588
2012-05-10 02:00:00,-4.322881869049588
2012-05-10 03:00:00,-4.403617361255348
2012-05-10 04:00:00,-3.9475559288989026
2012-05-10 05:00:00,-4.322881869049588
2012-05-10 06:00:00,-4.322881869049588
2012-05-10 07:00:00,-4.322881869049588
2012-05-10 08:00:00,-4.322881869049588
2012-05-10 09:00:00,-4.322881869049588
2012-05-10 10:00:00,-4.322881869049588
2012-05-10 11:00:00,-4.322881869049588
2012-05-10 12:00:00,-4.322881869049588
2012-05-10 13:00:00,-4.322881869049588
2012-05-10 14:00:00,-4.322881869049588
2012-05-10 15:00:00,-4.322881869049588
2012-05-10 16:00:00,-3.9475559288989026
2012-05-10 17:00:00,-4.322881869049588
2012-05-10 18:00:00,-4.7451211111832325
2012-05-10 19:00:00,-4.322881869049588
2012-05-10 20:00:00,-4.322881869049588
2012-05-10 21:00:00,-4.373216742566339
2012-05-10 22:00:00,-4.322881869049588
2012-05-10 23:00:00,-4.322881869049588
2012-05-11 00:00:00,-4.322881869049588
2012-05-11 01:00:00,-4.322881869049588
2012-05-11 02:00:00,-4.322881869049588
2012-05-11 03:00:00,-4.322881869049588
2012-05-11 04:00:00,-4.290689059560852
2012-05-11 05:00:00,-4.322881869049588
2012-05-11 06:00:00,-4.322881869049588
2012-05-11 07:00:00,-4.322881869049588
2012-05-11 08:00:00,-4.322881869049588
2012-05-11 09:00:00,-3.9475559288989026
2012-05-11 10:00:00,-4.322881869049588
2012-05-11 11:00:00,-4.322881869049588
2012-05-11 12:00:00,-4.322881869049588
2012-05-11 13:00:00,-4.322881869049588
2012-05-11 14:00:00,-4.190689059560851
2012-05-11 15:00:00,-4.322881869049588
2012-05-11 16:00:00,-4.322881869049588
2012-05-11 17:00:00,-4.322881869049588
2012-05-11 18:00:00,-4.322881869049588
2012-05-11 19:00:00,-4.322881869049588
2012-05-11 20:00:00,-4.7451211111832325
2012-05-11 21:00:00,-4.322881869049588
2012-05-11 22:00:00,-4.322881869049588
2012-05-11 23:00:00,-4.322881869049588
2012-05-12 00:00:00,-4.322881869049588
2012-05-12 01:00:00,-4.322881869049588
2012-05-12 02:00:00,-3.9475559288989026
2012-05-12 03:00:00,-4.322881869049588
2012-05-12 04:00:00,-4.322881869049588
2012-05-12 05:00:00,-4.322881869049588
2012-05-12 06:00:00,-4.322881869049588
2012-05-12 07:00:00,-4.322881869049588
2012-05-12 08:00:00,-4.322881869049588
2012-05-12 09:00:00,-4.403617361255348
2012-05-12 10:00:00,-4.322881869049588
2012-05-12 11:00:00,-4.403617361255348
2012-05-12 12:00:00,-4.322881869049588
2012-05-12 13:00:00,-4.322881869049588
2012-05-12 14:00:00,-4.322881869049588
2012-05-12 15:00:00,-4.322881869049588
2012-05-12 16:00:00,-4.322881869049588
2012-05-12 17:00:00,-4.322881869049588
2012-05-12 18:00:00,-4.322881869049588
2012-05-12 19:00:00,-3.9475559288989026
2012-05-12 20:00:00,-4.322881869049588
2012-05-12 21:00:00,-4.322881869049588
2012-05-12 22:00:00,-2.981378119121704
2012-05-12 23:00:00,-3.181378119121704
2012-05-13 00:00:00,-3.181378119121704
2012-05-13 01:00:00,-2.981378119121704
2012-05-13 02:00:00,-3.181378119121704
2012-05-13 03:00:00,-3.181378119121704
2012-05-13 04:00:00,-2.981378119121704
2012-05-13 05:00:00,-2.981378119121704
2012-05-13 06:00:00,-2.981378119121704
2012-05-13 07:00:00,-2.981378119121704
2012-05-13 08:00:00,-2.981378119121704
2012-05-13 09:00:00,-3.181378119121704
2012-05-13 10:00:00,-2.981378119121704
2012-05-13 11:00:00,-2.981378119121704
2012-05-13 12:00:00,-5.296998000402196
2012-05-13 13:00:00,-3.181378119121704
2012-05-13 14:00:00,-2.981378119121704
2012-05-13 15:00:00,-2.981378119121704
2012-05-13 16:00:00,-2.981378119121704
2012-05-13 17:00:00,-3.4440220327914353
2012-05-13 18:00:00,-2.981378119121704
2012-05-13 19:00:00,-2.981378119121704
2012-05-13 20:00:00,-2.981378119121704
2012-05-13 21:00:00,-3.181378119121704
2012-05-13 22:00:00,-2.981378119121704
2012-05-13 23:00:00,-2.981378119121704
2012-05-14 00:00:00,-2.981378119121704
2012-05-14 01:00:00,-3.181378119121704
2012-05-14 02:00:00,-2.981378119121704
2012-05-14 03:00:00,-2.981378119121704
2012-05-14 04:00:00,-2.981378119121704
2012-05-14 05:00:00,-5.296998000402196
2012-05-14 06:00:00,-2.981378119121704
2012-05-14 07:00:00,-3.181378119121704
2012-05-14 08:00:00,-2.981378119121704
2012-05-14 09:00:00,-2.981378119121704
2012-05-14 10:00:00,-2.981378119121704
2012-05-14 11:00:00,-3.181378119121704
2012-05-14 12:00:00,-3.181378119121704
2012-05-14 13:00:00,-3.181378119121704
2012-05-14 14:00:00,-2.981378119121704
2012-05-14 15:00:00,-3.181378119121704
2012-05-14 16:00:00,-2.3
2012-05-14 17:00:00,-2.981378119121704
2012-05-14 18:00:00,-2.981378119121704
2012-05-14 19:00:00,-2.981378119121704
2012-05-14 20:00:00,-2.981378119121704
2012-05-14 21:00:00,-2.981378119121704
2012-05-14 22:00:00,-5.296998000402196
2012-05-14 23:00:00,-2.981378119121704
2012-05-15 00:00:00,-3.181378119121704
2012-05-15 01:00:00,-3.181378119121704
2012-05-15 02:00:00,-2.981378119121704
2012-05-15 03:00:00,-3.181378119121704
2012-05-15 04:00:00,-3.181378119121704
2012-05-15 05:00:00,-2.981378119121704
2012-05-15 06:00:00,-2.981378119121704
2012-05-15 07:00:00,-2.981378119121704
2012-05-15 08:00:00,-2.981378119121704
2012-05-15 09:00:00,-2.5321928094887363
2012-05-15 10:00:00,-2.981378119121704
2012-05-15 11:00:00,-2.981378119121704
2012-05-15 12:00:00,-2.981378119121704
2012-05-15 13:00:00,-2.981378119121704
2012-05-15 14:00:00,-3.181378119121704
2012-05-15 15:00:00,-5.296998000402196
2012-05-15 16:00:00,-2.981378119121704
2012-05-15 17:00:00,-3.181378119121704
2012-05-15 18:00:00,-3.181378119121704
2012-05-15 19:00:00,-3.181378119121704
2012-05-15 20:00:00,-1.9584962500721155
2012-05-15 21:00:00,-2.981378119121704
2012-05-15 22:00:00,-3.181378119121704
2012-05-15 23:00:00,-3.181378119121704
2012-05-16 00:00:00,-2.981378119121704
2012-05-16 01:00:00,-3.181378119121704
2012-05-16 02:00:00,-2.981378119121704
2012-05-16 03:00:00,-3.181378119121704
2012-05-16 04:00:00,-2.981378119121704
2012-05-16 05:00:00,-2.981378119121704
2012-05-16 06:00:00,-2.981378119121704
2012-05-16 07:00:00,-2.981378119121704
2012-05-16 08:00:00,-5.296998000402196
2012-05-16 09:00:00,-3.181378119121704
2012-05-16 10:00:00,-2.981378119121704
2012-05-16 11:00:00,-2.981378119121704
2012-05-16 12:00:00,-2.981378119121704
2012-05-16 13:00:00,-2.981378119121704
2012-05-16 14:00:00,-3.181378119121704
2012-05-16 15:00:00,-2.981378119121704
2012-05-16 16:00:00,-3.181378119121704
2012-05-16 17:00:00,-3.181378119121704
2012-05-16 18:00:00,-3.181378119121704
2012-05-16 19:00:00,-2.981378119121704
2012-05-16 20:00:00,-2.981378119121704
2012-05-16 21:00:00,-3.181378119121704
2012-05-16 22:00:00,-2.981378119121704
2012-05-16 23:00:00,-3.181378119121704
2012-05-17 00:00:00,-2.981378119121704
2012-05-17 01:00:00,-5.296998000402196
2012-05-17 02:00:00,-3.181378119121704
2012-05-17 03:00:00,-3.181378119121704
2012-05-17 04:00:00,-2.981378119121704
2012-05-17 05:00:00,-2.981378119121704
2012-05-17 06:00:00,-2.981378119121704
2012-05-17 07:00:00,-2.981378119121704
2012-05-17 08:00:00,-2.981378119121704
2012-05-17 09:00:00,-2.981378119121704
2012-05-17 10:00:00,-3.181378119121704
2012-05-17 11:00:00,-3.181378119121704
2012-05-17 12:00:00,-2.981378119121704
2012-05-17 13:00:00,-2.981378119121704
2012-05-17 14:00:00,-2.981378119121704
2012-05-17 15:00:00,-2.981378119121704
2012-05-17 16:00:00,-2.981378119121704
2012-05-17 17:00:00,-3.181378119121704
2012-05-17 18:00:00,-2.981378119121704
2012-05-17 19:00:00,-2.981378119121704
2012-05-17 20:00:00,-2.981378119121704
2012-05-17 21:00:00,-2.981378119121704
2012-05-17 22:00:00,-2.981378119121704
2012-05-17 23:00:00,-3.181378119121704
2012-05-18 00:00:00,-2.981378119121704
2012-05-18 01:00:00,-2.981378119121704
2012-05-18 02:00:00,-3.181378119121704
2012-05-18 03:00:00,-2.981378119121704
2012-05-18 04:00:00,-3.181378119121704
2012-05-18 05:00:00,-2.981378119121704
2012-05-18 06:00:00,-2.981378119121704
2012-05-18 07:00:00,-3.181378119121704
2012-05-18 08:00:00,-2.981378119121704
2012-05-18 09:00:00,-2.981378119121704
2012-05-18 10:00:00,-2.981378119121704
2012-05-18 11:00:00,-2.981378119121704
2012-05-18 12:00:00,-3.181378119121704
2012-05-18 13:00:00,-2.981378119121704
2012-05-18 14:00:00,-2.981378119121704
2012-05-18 15:00:00,-2.981378119121704
2012-05-18 16:00:00,-2.981378119121704
2012-05-18 17:00:00,-2.981378119121704
2012-05-18 18:00:00,-3.181378119121704
2012-05-18 19:00:00,-2.981378119121704
2012-05-18 20:00:00,-2.981378119121704
2012-05-18 21:00:00,-2.981378119121704
2012-05-18 22:00:00,-2.981378119121704
2012-05-18 23:00:00,-2.981378119121704
2012-05-19 00:00:00,-2.981378119121704
2012-05-19 01:00:00,-2.981378119121704
2012-05-19 02:00:00,-3.181378119121704
2012-05-19 03:00:00,-3.181378119121704
2012-05-19 04:00:00,-2.981378119121704
2012-05-19 05:00:00,-2.981378119121704
2012-05-19 06:00:00,-2.981378119121704
2012-05-19 07:00:00,-2.981378119121704
2012-05-19 08:00:00,-2.981378119121704
2012-05-19 09:00:00,-3.181378119121704
2012-05-19 10:00:00,-2.981378119121704
2012-05-19 11:00:00,-2.981378119121704
2012-05-19 12:00:00,-2.981378119121704
2012-05-19 13:00:00,-2.981378119121704
2012-05-19 14:00:00,-2.981378119121704
2012-05-19 15:00:00,-3.181378119121704
2012-05-19 16:00:00,-2.981378119121704
2012-05-19 17:00:00,-3.181378119121704
2012-05-19 18:00:00,-3.381378119121704
2012-05-19 19:00:00,-2.981378119121704
2012-05-19 20:00:00,-2.981378119121704
2012-05-19 21:00:00,-3.181378119121704
2012-05-19 22:00:00,-2.981378119121704
2012-05-19 23:00:00,-2.981378119121704
2012-05-20 00:00:00,-2.981378119121704
2012-05-20 01:00:00,-3.181378119121704
2012-05-20 02:00:00,-3.181378119121704
2012-05-20 03:00:00,-3.181378119121704
2012-05-20 04:00:00,-3.181378119121704
2012-05-20 05:00:00,-2.981378119121704
2012-05-20 06:00:00,-2.981378119121704
2012-05-20 07:00:00,-2.981378119121704
2012-05-20 08:00:00,-3.181378119121704
2012-05-20 09:00:00,-3.181378119121704
2012-05-20 10:00:00,-2.981378119121704
2012-05-20 11:00:00,-2.749185309632968
2012-05-20 12:00:00,-2.981378119121704
2012-05-20 13:00:00,-2.981378119121704
2012-05-20 14:00:00,-3.181378119121704
2012-05-20 15:00:00,-2.981378119121704
2012-05-20 16:00:00,-2.981378119121704
2012-05-20 17:00:00,-3.181378119121704
2012-05-20 18:00:00,-3.4440220327914353
2012-05-20 19:00:00,-3.181378119121704
2012-05-20 20:00:00,-2.981378119121704
2012-05-20 21:00:00,-2.981378119121704
2012-05-20 22:00:00,-3.181378119121704
2012-05-20 23:00:00,-3.181378119121704
2012-05-21 00:00:00,-3.1299208018387277
2012-05-21 01:00:00,-2.981378119121704
2012-05-21 02:00:00,-3.181378119121704
2012-05-21 03:00:00,-2.981378119121704
2012-05-21 04:00:00,-3.181378119121704
2012-05-21 05:00:00,-3.181378119121704
2012-05-21 06:00:00,-3.3491853096329676
2012-05-21 07:00:00,-2.981378119121704
2012-05-21 08:00:00,-2.981378119121704
2012-05-21 09:00:00,-2.981378119121704
2012-05-21 10:00:00,-3.181378119121704
2012-05-21 11:00:00,-2.981378119121704
2012-05-21 12:00:00,-2.981378119121704
2012-05-21 13:00:00,-2.981378119121704
2012-05-21 14:00:00,-2.981378119121704
2012-05-21 15:00:00,-2.981378119121704
2012-05-21 16:00:00,-2.981378119121704
2012-05-21 17:00:00,-2.1584962500721154
2012-05-21 18:00:00,-3.181378119121704
2012-05-21 19:00:00,-3.181378119121704
2012-05-21 20:00:00,-3.181378119121704
2012-05-21 21:00:00,-3.181378119121704
2012-05-21 22:00:00,-3.181378119121704
2012-05-21 23:00:00,-3.181378119121704
2012-05-22 00:00:00,-3.181378119121704
2012-05-22 01:00:00,-3.181378119121704
2012-05-22 02:00:00,-3.181378119121704
2012-05-22 03:00:00,-3.181378119121704
2012-05-22 04:00:00,-3.4440220327914353
2012-05-22 05:00:00,-3.181378119121704
2012-05-22 06:00:00,-3.181378119121704
2012-05-22 07:00:00,-3.181378119121704
2012-05-22 08:00:00,-3.181378119121704
2012-05-22 09:00:00,-2.981378119121704
2012-05-22 10:00:00,-3.181378119121704
2012-05-22 11:00:00,-3.181378119121704
2012-05-22 12:00:00,-3.181378119121704
2012-05-22 13:00:00,-3.181378119121704
2012-05-22 14:00:00,-3.181378119121704
2012-05-22 15:00:00,-2.981378119121704
2012-05-22 16:00:00,-3.181378119121704
2012-05-22 17:00:00,-3.181378119121704
2012-05-22 18:00:00,-3.181378119121704
2012-05-22 19:00:00,-3.181378119121704
2012-05-22 20:00:00,-3.4440220327914353
2012-05-22 21:00:00,-3.181378119121704
2012-05-22 22:00:00,-3.181378119121704
2012-05-22 23:00:00,-3.181378119121704
2012-05-23 00:00:00,-3.181378119121704
2012-05-23 01:00:00,-2.981378119121704
2012-05-23 02:00:00,-3.181378119121704
2012-05-23 03:00:00,-3.181378119121704
2012-05-23 04:00:00,-3.181378119121704
2012-05-23 05:00:00,-3.181378119121704
2012-05-23 06:00:00,-3.181378119121704
2012-05-23 07:00:00,-3.181378119121704
2012-05-23 08:00:00,-4.4
2012-05-23 09:00:00,-4.0
2012-05-23 10:00:00,-3.7
2012-05-23 11:00:00,-4.590689059560852
2012-05-23 12:00:00,-4.4
2012-05-23 13:00:00,-4.390689059560851
2012-05-23 14:00:00,-4.8
2012-05-23 15:00:00,-4.0
2012-05-23 16:00:00,-4.0
2012-05-23 17:00:00,-4.5
2012-05-23 18:00:00,-4.4
2012-05-23 19:00:00,-4.9
2012-05-23 20:00:00,-4.4
2012-05-23 21:00:00,-4.1
2012-05-23 22:00:00,-4.0
2012-05-23 23:00:00,-4.0
2012-05-24 00:00:00,-4.3
2012-05-24 01:00:00,-4.0
2012-05-24 02:00:00,-5.490689059560852
2012-05-24 03:00:00,-4.690689059560851
2012-05-24 04:00:00,-4.990689059560852
2012-05-24 05:00:00,-4.590689059560852
2012-05-24 06:00:00,-4.1
2012-05-24 07:00:00,-4.9
2012-05-24 08:00:00,-4.0
2012-05-24 09:00:00,-4.990689059560852
2012-05-24 10:00:00,-5.490689059560852
2012-05-24 11:00:00,-4.390689059560851
2012-05-24 12:00:00,-5.490689059560852
2012-05-24 13:00:00,-4.590689059560852
2012-05-24 14:00:00,-4.390689059560851
2012-05-24 15:00:00,-5.3
2012-05-24 16:00:00,-5.490689059560852
2012-05-24 17:00:00,-4.4
2012-05-24 18:00:00,-4.0
2012-05-24 19:00:00,-4.1
2012-05-24 20:00:00,-4.590689059560852
2012-05-24 21:00:00,-4.5
2012-05-24 22:00:00,-4.590689059560852
2012-05-24 23:00:00,-4.4
2012-05-25 00:00:00,-3.7
2012-05-25 01:00:00,-4.590689059560852
2012-05-25 02:00:00,-4.0
2012-05-25 03:00:00,-4.590689059560852
2012-05-25 04:00:00,-2.9584962500721153
2012-05-25 05:00:00,-4.4
2012-05-25 06:00:00,-3.7
2012-05-25 07:00:00,-4.690689059560851
2012-05-25 08:00:00,-4.9
2012-05-25 09:00:00,-4.658496250072115
2012-05-25 10:00:00,-5.090689059560852
2012-05-25 11:00:00,-4.590689059560852
2012-05-25 12:00:00,-4.4
2012-05-25 13:00:00,-2.4
2012-05-25 14:00:00,-3.2
2012-05-25 15:00:00,-3.8
2012-05-25 16:00:00,-3.7
2012-05-25 17:00:00,-4.4
2012-05-25 18:00:00,-3.8
2012-05-25 19:00:00,-3.8
2012-05-25 20:00:00,-4.0
2012-05-25 21:00:00,-4.0
2012-05-25 22:00:00,-4.2
2012-05-25 23:00:00,-4.0
2012-05-26 00:00:00,-3.8
2012-05-26 01:00:00,-3.9
2012-05-26 02:00:00,-4.4
2012-05-26 03:00:00,-4.2
2012-05-26 04:00:00,-4.1
2012-05-26 05:00:00,-4.4
2012-05-26 06:00:00,-4.0
2012-05-26 07:00:00,-4.0
2012-05-26 08:00:00,-3.8
2012-05-26 09:00:00,-3.8
2012-05-26 10:00:00,-4.2
2012-05-26 11:00:00,-4.0
2012-05-26 12:00:00,-3.8
2012-05-26 13:00:00,-3.9
2012-05-26 14:00:00,-4.0
2012-05-26 15:00:00,-3.9
2012-05-26 16:00:00,-4.4
2012-05-26 17:00:00,-4.9
2012-05-26 18:00:00,-4.4
2012-05-26 19:00:00,-3.8
2012-05-26 20:00:00,-3.8
2012-05-26 21:00:00,-3.9
2012-05-26 22:00:00,-3.8
2012-05-26 23:00:00,-4.2
2012-05-27 00:00:00,-3.9
2012-05-27 01:00:00,-3.2661778097771985
2012-05-27 02:00:00,-3.8
2012-05-27 03:00:00,-3.8
2012-05-27 04:00:00,-3.8
2012-05-27 05:00:00,-3.5
2012-05-27 06:00:00,-3.9
2012-05-27 07:00:00,-3.8
2012-05-27 08:00:00,-3.8
2012-05-27 09:00:00,-3.8
2012-05-27 10:00:00,-3.5
2012-05-27 11:00:00,-3.8
2012-05-27 12:00:00,-3.8
2012-05-27 13:00:00,-3.6
2012-05-27 14:00:00,-3.8
2012-05-27 15:00:00,-3.8
2012-05-27 16:00:00,-4.4
2012-05-27 17:00:00,-3.8
2012-05-27 18:00:00,-4.353505397577713
2012-05-27 19:00:00,-4.4
2012-05-27 20:00:00,-4.0
2012-05-27 21:00:00,-3.9
2012-05-27 22:00:00,-4.2
2012-05-27 23:00:00,-3.9
2012-05-28 00:00:00,-3.8
2012-05-28 01:00:00,-3.9
2012-05-28 02:00:00,-4.0
2012-05-28 03:00:00,-3.6
2012-05-28 04:00:00,-4.9
2012-05-28 05:00:00,-4.4
2012-05-28 06:00:00,-4.4
2012-05-28 07:00:00,-3.8
2012-05-28 08:00:00,-4.4
2012-05-28 09:00:00,-3.5
2012-05-28 10:00:00,-2.275488750216347
2012-05-28 11:00:00,-4.353505397577713
2012-05-28 12:00:00,-3.8
2012-05-28 13:00:00,-3.5
2012-05-28 14:00:00,-3.5
2012-05-28 15:00:00,-3.4
2012-05-28 16:00:00,-4.2
2012-05-28 17:00:00,-3.9
2012-05-28 18:00:00,-4.0
2012-05-28 19:00:00,-3.9
2012-05-28 20:00:00,-3.6
2012-05-28 21:00:00,-3.8
2012-05-28 22:00:00,-4.0
2012-05-28 23:00:00,-3.8
2012-05-29 00:00:00,-3.6
2012-05-29 01:00:00,-3.8
2012-05-29 02:00:00,-3.9
2012-05-29 03:00:00,-4.353505397577713
2012-05-29 04:00:00,-4.353505397577713
2012-05-29 05:00:00,-3.9
2012-05-29 06:00:00,-4.4
2012-05-29 07:00:00,-4.1
2012-05-29 08:00:00,-4.0
2012-05-29 09:00:00,-4.4
2012-05-29 10:00:00,-3.9
2012-05-29 11:00:00,-4.2
2012-05-29 12:00:00,-4.2
2012-05-29 13:00:00,-3.8
2012-05-29 14:00:00,-3.8
2012-05-29 15:00:00,-4.5
2012-05-29 16:00:00,-3.5
2012-05-29 17:00:00,-4.0
2012-05-29 18:00:00,-4.5
2012-05-29 19:00:00,-4.9
2012-05-29 20:00:00,-4.353505397577713
2012-05-29 21:00:00,-4.353505397577713
2012-05-29 22:00:00,-3.8
2012-05-29 23:00:00,-3.7
2012-05-30 00:00:00,-4.4
2012-05-30 01:00:00,-4.0
2012-05-30 02:00:00,-4.2
2012-05-30 03:00:00,-3.5
2012-05-30 04:00:00,-4.2
2012-05-30 05:00:00,-3.8
2012-05-30 06:00:00,-3.8
2012-05-30 07:00:00,-3.5
2012-05-30 08:00:00,-3.8
2012-05-30 09:00:00,-4.0
2012-05-30 10:00:00,-4.2
2012-05-30 11:00:00,-3.5
2012-05-30 12:00:00,-4.0
2012-05-30 13:00:00,-4.353505397577713
2012-05-30 14:00:00,-4.353505397577713
2012-05-30 15:00:00,-4.0
2012-05-30 16:00:00,-3.8
2012-05-30 17:00:00,-3.8
2012-05-30 18:00:00,-4.0
2012-05-30 19:00:00,-3.8
2012-05-30 20:00:00,-4.0
2012-05-30 21:00:00,-3.5
2012-05-30 22:00:00,-3.8
2012-05-30 23:00:00,-3.8
2012-05-31 00:00:00,-3.8
2012-05-31 01:00:00,-3.8
2012-05-31 02:00:00,-3.8
2012-05-31 03:00:00,-3.8
2012-05-31 04:00:00,-4.0
2012-05-31 05:00:00,-3.8
2012-05-31 06:00:00,-4.353505397577713
2012-05-31 07:00:00,-5.090689059560852
2012-05-31 08:00:00,-3.8
2012-05-31 09:00:00,-3.8
2012-05-31 10:00:00,-3.8
2012-05-31 11:00:00,-3.5
2012-05-31 12:00:00,-4.2
2012-05-31 13:00:00,-3.8
2012-05-31 14:00:00,-3.8
2012-05-31 15:00:00,-3.8
2012-05-31 16:00:00,-3.8
2012-05-31 17:00:00,-3.8
2012-05-31 18:00:00,-3.9
2012-05-31 19:00:00,-4.0
2012-05-31 20:00:00,-3.8
2012-05-31 21:00:00,-3.5
2012-05-31 22:00:00,-4.0
2012-05-31 23:00:00,-4.353505397577713
2012-06-01 00:00:00,-4.0
2012-06-01 01:00:00,-4.2
2012-06-01 02:00:00,-3.9
2012-06-01 03:00:00,-3.8
2012-06-01 04:00:00,-3.8
2012-06-01 05:00:00,-2.9
2012-06-01 06:00:00,-3.8
2012-06-01 07:00:00,-3.9
2012-06-01 08:00:00,-3.8
2012-06-01 09:00:00,-3.8
2012-06-01 10:00:00,-3.8
2012-06-01 11:00:00,-3.8
2012-06-01 12:00:00,-3.8
2012-06-01 13:00:00,-3.9
2012-06-01 14:00:00,-3.9
2012-06-01 15:00:00,-3.9
2012-06-01 16:00:00,-4.353505397577713
2012-06-01 17:00:00,-3.8
2012-06-01 18:00:00,-3.8
2012-06-01 19:00:00,-3.8
2012-06-01 20:00:00,-3.9
2012-06-01 21:00:00,-3.9
2012-06-01 22:00:00,-3.8
2012-06-01 23:00:00,-3.8
2012-06-02 00:00:00,-3.8
2012-06-02 01:00:00,-3.9
2012-06-02 02:00:00,-3.8
2012-06-02 03:00:00,-4.2
2012-06-02 04:00:00,-3.8
2012-06-02 05:00:00,-3.8
2012-06-02 06:00:00,-3.9
2012-06-02 07:00:00,-3.6
2012-06-02 08:00:00,-3.9
2012-06-02 09:00:00,-4.353505397577713
2012-06-02 10:00:00,-3.8
2012-06-02 11:00:00,-4.0
2012-06-02 12:00:00,-4.0
2012-06-02 13:00:00,-3.8
2012-06-02 14:00:00,-3.8
2012-06-02 15:00:00,-3.8
2012-06-02 16:00:00,-3.8
2012-06-02 17:00:00,-3.9
2012-06-02 18:00:00,-3.9876516946565
2012-06-02 19:00:00,-2.9
2012-06-02 20:00:00,-3.7876516946564998
2012-06-02 21:00:00,-2.9
2012-06-02 22:00:00,-4.1876516946565
2012-06-02 23:00:00,-3.5876516946564996
2012-06-03 00:00:00,-3.6876516946564997
2012-06-03 01:00:00,-2.9
2012-06-03 02:00:00,-5.1890954681039165
2012-06-03 03:00:00,-3.2
2012-06-03 04:00:00,-3.9876516946565
2012-06-03 05:00:00,-4.1876516946565
2012-06-03 06:00:00,-3.9876516946565
2012-06-03 07:00:00,-3.9876516946565
2012-06-03 08:00:00,-4.1876516946565
2012-06-03 09:00:00,-3.5876516946564996
2012-06-03 10:00:00,-3.9876516946565
2012-06-03 11:00:00,-3.2
2012-06-03 12:00:00,-3.9876516946565
2012-06-03 13:00:00,-2.8
2012-06-03 14:00:00,-3.9876516946565
2012-06-03 15:00:00,-2.9
2012-06-03 16:00:00,-3.2
2012-06-03 17:00:00,-4.1876516946565
2012-06-03 18:00:00,-2.9
2012-06-03 19:00:00,-3.0700439718141093
2012-06-03 20:00:00,-2.9
2012-06-03 21:00:00,-2.9
2012-06-03 22:00:00,-3.9876516946565
2012-06-03 23:00:00,-3.9876516946565
2012-06-04 00:00:00,-2.8
2012-06-04 01:00:00,-3.9876516946565
2012-06-04 02:00:00,-3.2
2012-06-04 03:00:00,-4.1876516946565
2012-06-04 04:00:00,-3.2
2012-06-04 05:00:00,-3.2
2012-06-04 06:00:00,-3.2
2012-06-04 07:00:00,-2.9
2012-06-04 08:00:00,-3.7876516946564998
2012-06-04 09:00:00,-2.8
2012-06-04 10:00:00,-3.9876516946565
2012-06-04 11:00:00,-3.9876516946565
2012-06-04 12:00:00,-4.1876516946565
2012-06-04 13:00:00,-2.2
2012-06-04 14:00:00,-2.8
2012-06-04 15:00:00,-3.9876516946565
2012-06-04 16:00:00,-3.9876516946565
2012-06-04 17:00:00,-3.5876516946564996
2012-06-04 18:00:00,-3.9876516946565
2012-06-04 19:00:00,-2.5
2012-06-04 20:00:00,-2.9
2012-06-04 21:00:00,-2.9
2012-06-04 22:00:00,-3.9876516946565
2012-06-04 23:00:00,-2.8
2012-06-05 00:00:00,-2.8
2012-06-05 01:00:00,-3.9876516946565
2012-06-05 02:00:00,-3.9876516946565
2012-06-05 03:00:00,-2.9
2012-06-05 04:00:00,-3.9876516946565
2012-06-05 05:00:00,-2.9
2012-06-05 06:00:00,-3.5876516946564996
2012-06-05 07:00:00,-3.9876516946565
2012-06-05 08:00:00,-2.9
2012-06-05 09:00:00,-3.9876516946565
2012-06-05 10:00:00,-2.9
2012-06-05 11:00:00,-3.9876516946565
2012-06-05 12:00:00,-3.2
2012-06-05 13:00:00,-3.5876516946564996
2012-06-05 14:00:00,-3.9876516946565
2012-06-05 15:00:00,-2.5
2012-06-05 16:00:00,-3.9876516946565
2012-06-05 17:00:00,-3.9876516946565
2012-06-05 18:00:00,-2.9
2012-06-05 19:00:00,-4.1876516946565
2012-06-05 20:00:00,-4.1876516946565
2012-06-05 21:00:00,-2.8
2012-06-05 22:00:00,-2.9
2012-06-05 23:00:00,-3.2
2012-06-06 00:00:00,-2.9
2012-06-06 01:00:00,-3.9876516946565
2012-06-06 02:00:00,-2.9
2012-06-06 03:00:00,-3.9876516946565
2012-06-06 04:00:00,-2.8
2012-06-06 05:00:00,-2.9
2012-06-06 06:00:00,-2.9
2012-06-06 07:00:00,-3.9876516946565
2012-06-06 08:00:00,-3.9876516946565
2012-06-06 09:00:00,-2.9
2012-06-06 10:00:00,-3.9876516946565
2012-06-06 11:00:00,-3.9876516946565
2012-06-06 12:00:00,-3.9876516946565
2012-06-06 13:00:00,-3.9876516946565
2012-06-06 14:00:00,-3.9876516946565
2012-06-06 15:00:00,-3.9876516946565
2012-06-06 16:00:00,-3.2
2012-06-06 17:00:00,-3.9876516946565
2012-06-06 18:00:00,-3.9876516946565
2012-06-06 19:00:00,-3.9876516946565
2012-06-06 20:00:00,-3.9876516946565
2012-06-06 21:00:00,-3.2
2012-06-06 22:00:00,-3.9876516946565
2012-06-06 23:00:00,-3.9876516946565
2012-06-07 00:00:00,-3.9876516946565
2012-06-07 01:00:00,-2.9
2012-06-07 02:00:00,-4.1876516946565
2012-06-07 03:00:00,-4.1876516946565
2012-06-07 04:00:00,-3.9876516946565
2012-06-07 05:00:00,-3.5876516946564996
2012-06-07 06:00:00,-2.9
2012-06-07 07:00:00,-3.9876516946565
2012-06-07 08:00:00,-3.8876516946565
2012-06-07 09:00:00,-3.9876516946565
2012-06-07 10:00:00,-3.9876516946565
2012-06-07 11:00:00,-3.5876516946564996
2012-06-07 12:00:00,-3.2
2012-06-07 13:00:00,-4.1876516946565
2012-06-07 14:00:00,-3.9876516946565
2012-06-07 15:00:00,-3.6876516946564997
2012-06-07 16:00:00,-3.9876516946565
2012-06-07 17:00:00,-3.9876516946565
2012-06-07 18:00:00,-3.9876516946565
2012-06-07 19:00:00,-3.9876516946565
2012-06-07 20:00:00,-2.5
2012-06-07 21:00:00,-3.9876516946565
2012-06-07 22:00:00,-4.1876516946565
2012-06-07 23:00:00,-3.9876516946565
2012-06-08 00:00:00,-2.5
2012-06-08 01:00:00,-3.9876516946565
2012-06-08 02:00:00,-3.9876516946565
2012-06-08 03:00:00,-3.9876516946565
2012-06-08 04:00:00,-3.9876516946565
2012-06-08 05:00:00,-3.2
2012-06-08 06:00:00,-3.5876516946564996
2012-06-08 07:00:00,-3.5876516946564996
2012-06-08 08:00:00,-4.1876516946565
2012-06-08 09:00:00,-2.9
2012-06-08 10:00:00,-3.9876516946565
2012-06-08 11:00:00,-3.9876516946565
2012-06-08 12:00:00,-3.9876516946565
2012-06-08 13:00:00,-3.9876516946565
2012-06-08 14:00:00,-3.9876516946565
2012-06-08 15:00:00,-3.9876516946565
2012-06-08 16:00:00,-2.9
2012-06-08 17:00:00,-2.9
2012-06-08 18:00:00,-3.9876516946565
2012-06-08 19:00:00,-3.5876516946564996
2012-06-08 20:00:00,-3.6876516946564997
2012-06-08 21:00:00,-3.9876516946565
2012-06-08 22:00:00,-3.9876516946565
2012-06-08 23:00:00,-3.9876516946565
2012-06-09 00:00:00,-4.1876516946565
2012-06-09 01:00:00,-3.5876516946564996
2012-06-09 02:00:00,-2.9
2012-06-09 03:00:00,-3.9876516946565
2012-06-09 04:00:00,-4.1876516946565
2012-06-09 05:00:00,-4.1876516946565
2012-06-09 06:00:00,-3.9876516946565
2012-06-09 07:00:00,-3.9876516946565
2012-06-09 08:00:00,-2.8
2012-06-09 09:00:00,-2.8
2012-06-09 10:00:00,-2.5
2012-06-09 11:00:00,-3.9876516946565
2012-06-09 12:00:00,-3.3584962500721156
2012-06-09 13:00:00,-3.9876516946565
2012-06-09 14:00:00,-3.9876516946565
2012-06-09 15:00:00,-2.9
2012-06-09 16:00:00,-2.9
2012-06-09 17:00:00,-3.5876516946564996
2012-06-09 18:00:00,-4.1876516946565
2012-06-09 19:00:00,-3.7876516946564998
2012-06-09 20:00:00,-3.2
2012-06-09 21:00:00,-2.9
2012-06-09 22:00:00,-3.9876516946565
2012-06-09 23:00:00,-4.1876516946565
2012-06-10 00:00:00,-3.9876516946565
2012-06-10 01:00:00,-3.9876516946565
2012-06-10 02:00:00,-3.2
2012-06-10 03:00:00,-3.9876516946565
2012-06-10 04:00:00,-2.9
2012-06-10 05:00:00,-5.1890954681039165
2012-06-10 06:00:00,-2.9
2012-06-10 07:00:00,-2.9
2012-06-10 08:00:00,-3.6876516946564997
2012-06-10 09:00:00,-3.9876516946565
2012-06-10 10:00:00,-3.9876516946565
2012-06-10 11:00:00,-2.9
2012-06-10 12:00:00,-2.9
2012-06-10 13:00:00,-3.9876516946565
2012-06-10 14:00:00,-3.9876516946565
2012-06-10 15:00:00,-3.9876516946565
2012-06-10 16:00:00,-2.9
2012-06-10 17:00:00,-3.9876516946565
2012-06-10 18:00:00,-3.5876516946564996
2012-06-10 19:00:00,-3.2
2012-06-10 20:00:00,-3.7876516946564998
2012-06-10 21:00:00,-3.5876516946564996
2012-06-10 22:00:00,-5.1890954681039165
2012-06-10 23:00:00,-2.9
2012-06-11 00:00:00,-3.2
2012-06-11 01:00:00,-2.9
2012-06-11 02:00:00,-2.8
2012-06-11 03:00:00,-3.9876516946565
2012-06-11 04:00:00,-3.9876516946565
2012-06-11 05:00:00,-3.5876516946564996
2012-06-11 06:00:00,-2.9
2012-06-11 07:00:00,-3.9876516946565
2012-06-11 08:00:00,-2.8
2012-06-11 09:00:00,-3.9876516946565
2012-06-11 10:00:00,-3.7876516946564998
2012-06-11 11:00:00,-2.8
2012-06-11 12:00:00,-2.1
2012-06-11 13:00:00,-3.2
2012-06-11 14:00:00,-3.5876516946564996
2012-06-11 15:00:00,-5.1890954681039165
2012-06-11 16:00:00,-2.8
2012-06-11 17:00:00,-3.5876516946564996
2012-06-11 18:00:00,-2.9
2012-06-11 19:00:00,-3.2
2012-06-11 20:00:00,-3.9876516946565
2012-06-11 21:00:00,-2.9
2012-06-11 22:00:00,-2.816992500144231
2012-06-11 23:00:00,-3.5876516946564996
2012-06-12 00:00:00,-3.9876516946565
2012-06-12 01:00:00,-3.9876516946565
2012-06-12 02:00:00,-2.9
2012-06-12 03:00:00,-3.9876516946565
2012-06-12 04:00:00,-3.9876516946565
2012-06-12 05:00:00,-4.1876516946565
2012-06-12 06:00:00,-4.1876516946565
2012-06-12 07:00:00,-3.6876516946564997
2012-06-12 08:00:00,-5.1890954681039165
2012-06-12 09:00:00,-3.2
2012-06-12 10:00:00,-2.9
2012-06-12 11:00:00,-5.1890954681039165
2012-06-12 12:00:00,-3.9876516946565
2012-06-12 13:00:00,-3.9876516946565
2012-06-12 14:00:00,-2.9
2012-06-12 15:00:00,-5.1890954681039165
2012-06-12 16:00:00,-3.5876516946564996
2012-06-12 17:00:00,-3.1
2012-06-12 18:00:00,-2.9
2012-06-12 19:00:00,-3.6876516946564997
2012-06-12 20:00:00,-3.9876516946565
2012-06-12 21:00:00,-3.9876516946565
2012-06-12 22:00:00,-3.5876516946564996
2012-06-12 23:00:00,-2.9
2012-06-13 00:00:00,-3.5876516946564996
2012-06-13 01:00:00,-5.1890954681039165
2012-06-13 02:00:00,-2.9
2012-06-13 03:00:00,-3.5876516946564996
2012-06-13 04:00:00,-4.2
2012-06-13 05:00:00,-4.1
2012-06-13 06:00:00,-4.1
2012-06-13 07:00:00,-3.6
2012-06-13 08:00:00,-4.628339121387487
2012-06-13 09:00:00,-4.1
2012-06-13 10:00:00,-4.296000193206808
2012-06-13 11:00:00,-4.1
2012-06-13 12:00:00,-4.249185309632968
2012-06-13 13:00:00,-4.1
2012-06-13 14:00:00,-4.1
2012-06-13 15:00:00,-4.1
2012-06-13 16:00:00,-4.1
2012-06-13 17:00:00,-4.2
2012-06-13 18:00:00,-4.628339121387487
2012-06-13 19:00:00,-4.1
2012-06-13 20:00:00,-4.4451855028397755
2012-06-13 21:00:00,-4.1
2012-06-13 22:00:00,-4.0
2012-06-13 23:00:00,-4.249185309632968
2012-06-14 00:00:00,-4.249185309632968
2012-06-14 01:00:00,-2.4906890595608515
2012-06-14 02:00:00,-4.249185309632968
2012-06-14 03:00:00,-4.1
2012-06-14 04:00:00,-4.0
2012-06-14 05:00:00,-4.0
2012-06-14 06:00:00,-4.1
2012-06-14 07:00:00,-4.1
2012-06-14 08:00:00,-4.1
2012-06-14 09:00:00,-4.1
2012-06-14 10:00:00,-4.249185309632968
2012-06-14 11:00:00,-4.628339121387487
2012-06-14 12:00:00,-4.396000193206808
2012-06-14 13:00:00,-4.1
2012-06-14 14:00:00,-3.8
2012-06-14 15:00:00,-4.1
2012-06-14 16:00:00,-4.249185309632968
2012-06-14 17:00:00,-4.249185309632968
2012-06-14 18:00:00,-4.628339121387487
2012-06-14 19:00:00,-4.1
2012-06-14 20:00:00,-4.249185309632968
2012-06-14 21:00:00,-4.2
2012-06-14 22:00:00,-4.1
2012-06-14 23:00:00,-4.4451855028397755
2012-06-15 00:00:00,-4.249185309632968
2012-06-15 01:00:00,-4.0
2012-06-15 02:00:00,-4.1
2012-06-15 03:00:00,-4.249185309632968
2012-06-15 04:00:00,-4.628339121387487
2012-06-15 05:00:00,-4.1
2012-06-15 06:00:00,-4.249185309632968
2012-06-15 07:00:00,-4.249185309632968
2012-06-15 08:00:00,-4.1
2012-06-15 09:00:00,-4.1
2012-06-15 10:00:00,-4.249185309632968
2012-06-15 11:00:00,-4.628339121387487
2012-06-15 12:00:00,-4.1
2012-06-15 13:00:00,-4.249185309632968
2012-06-15 14:00:00,-4.296000193206808
2012-06-15 15:00:00,-4.1
2012-06-15 16:00:00,-4.249185309632968
2012-06-15 17:00:00,-3.9
2012-06-15 18:00:00,-4.249185309632968
2012-06-15 19:00:00,-4.628339121387487
2012-06-15 20:00:00,-4.0
2012-06-15 21:00:00,-4.628339121387487
2012-06-15 22:00:00,-4.0
2012-06-15 23:00:00,-4.249185309632968
2012-06-16 00:00:00,-4.249185309632968
2012-06-16 01:00:00,-4.1
2012-06-16 02:00:00,-4.2
2012-06-16 03:00:00,-3.9
2012-06-16 04:00:00,-4.628339121387487
2012-06-16 05:00:00,-4.2
2012-06-16 06:00:00,-4.0
2012-06-16 07:00:00,-4.1
2012-06-16 08:00:00,-3.9
2012-06-16 09:00:00,-4.0
2012-06-16 10:00:00,-4.2
2012-06-16 11:00:00,-4.1
2012-06-16 12:00:00,-3.8
2012-06-16 13:00:00,-4.1
2012-06-16 14:00:00,-4.628339121387487
2012-06-16 15:00:00,-4.249185309632968
2012-06-16 16:00:00,-4.1
2012-06-16 17:00:00,-4.2
2012-06-16 18:00:00,-4.249185309632968
2012-06-16 19:00:00,-4.1
2012-06-16 20:00:00,-4.2
2012-06-16 21:00:00,-4.628339121387487
2012-06-16 22:00:00,-4.249185309632968
2012-06-16 23:00:00,-4.1
2012-06-17 00:00:00,-4.249185309632968
2012-06-17 01:00:00,-4.2
2012-06-17 02:00:00,-4.0
2012-06-17 03:00:00,-4.1
2012-06-17 04:00:00,-4.1
2012-06-17 05:00:00,-4.2
2012-06-17 06:00:00,-4.249185309632968
2012-06-17 07:00:00,-4.628339121387487
2012-06-17 08:00:00,-4.296000193206808
2012-06-17 09:00:00,-4.249185309632968
2012-06-17 10:00:00,-4.249185309632968
2012-06-17 11:00:00,-4.249185309632968
2012-06-17 12:00:00,-4.249185309632968
2012-06-17 13:00:00,-4.249185309632968
2012-06-17 14:00:00,-4.628339121387487
2012-06-17 15:00:00,-4.1
2012-06-17 16:00:00,-4.1
2012-06-17 17:00:00,-4.2
2012-06-17 18:00:00,-4.1
2012-06-17 19:00:00,-4.249185309632968
2012-06-17 20:00:00,-4.1
2012-06-17 21:00:00,-4.249185309632968
2012-06-17 22:00:00,-4.0
2012-06-17 23:00:00,-4.1
2012-06-18 00:00:00,-4.628339121387487
2012-06-18 01:00:00,-4.1
2012-06-18 02:00:00,-4.1
2012-06-18 03:00:00,-4.249185309632968
2012-06-18 04:00:00,-4.249185309632968
2012-06-18 05:00:00,-4.249185309632968
2012-06-18 06:00:00,-4.249185309632968
2012-06-18 07:00:00,-4.628339121387487
2012-06-18 08:00:00,-4.1
2012-06-18 09:00:00,-4.249185309632968
2012-06-18 10:00:00,-4.249185309632968
2012-06-18 11:00:00,-4.249185309632968
2012-06-18 12:00:00,-4.0
2012-06-18 13:00:00,-4.1
2012-06-18 14:00:00,-4.1
2012-06-18 15:00:00,-4.2
2012-06-18 16:00:00,-4.249185309632968
2012-06-18 17:00:00,-4.628339121387487
2012-06-18 18:00:00,-4.2
2012-06-18 19:00:00,-4.249185309632968
2012-06-18 20:00:00,-4.1
2012-06-18 21:00:00,-4.249185309632968
2012-06-18 22:00:00,-4.1
2012-06-18 23:00:00,-4.2
2012-06-19 00:00:00,-4.628339121387487
2012-06-19 01:00:00,-4.2
2012-06-19 02:00:00,-4.1
2012-06-19 03:00:00,-4.249185309632968
2012-06-19 04:00:00,-4.1
2012-06-19 05:00:00,-4.1
2012-06-19 06:00:00,-4.249185309632968
2012-06-19 07:00:00,-4.1
2012-06-19 08:00:00,-4.2
2012-06-19 09:00:00,-4.1
2012-06-19 10:00:00,-3.832192809488736
2012-06-19 11:00:00,-4.249185309632968
2012-06-19 12:00:00,-4.1
2012-06-19 13:00:00,-4.1
2012-06-19 14:00:00,-4.0
2012-06-19 15:00:00,-4.249185309632968
2012-06-19 16:00:00,-3.8
2012-06-19 17:00:00,-4.628339121387487
2012-06-19 18:00:00,-4.1
2012-06-19 19:00:00,-4.2
2012-06-19 20:00:00,-4.249185309632968
2012-06-19 21:00:00,-4.249185309632968
2012-06-19 22:00:00,-4.2
2012-06-19 23:00:00,-4.249185309632968
2012-06-20 00:00:00,-4.2
2012-06-20 01:00:00,-4.1
2012-06-20 02:00:00,-4.1
2012-06-20 03:00:00,-4.249185309632968
2012-06-20 04:00:00,-4.249185309632968
2012-06-20 05:00:00,-4.2
2012-06-20 06:00:00,-4.323840473932508
2012-06-20 07:00:00,-4.2
2012-06-20 08:00:00,-4.296000193206808
2012-06-20 09:00:00,-4.2
2012-06-20 10:00:00,-4.628339121387487
2012-06-20 11:00:00,-4.1
2012-06-20 12:00:00,-4.249185309632968
2012-06-20 13:00:00,-4.0
2012-06-20 14:00:00,-4.0
2012-06-20 15:00:00,-4.249185309632968
2012-06-20 16:00:00,-4.1
2012-06-20 17:00:00,-4.249185309632968
2012-06-20 18:00:00,-4.1
2012-06-20 19:00:00,-2.1
2012-06-20 20:00:00,-4.323840473932508
2012-06-20 21:00:00,-3.8
2012-06-20 22:00:00,-4.1
2012-06-20 23:00:00,-4.1
2012-06-21 00:00:00,-4.2
2012-06-21 01:00:00,-4.0
2012-06-21 02:00:00,-4.2
2012-06-21 03:00:00,-2.8
2012-06-21 04:00:00,-4.1
2012-06-21 05:00:00,-4.1
2012-06-21 06:00:00,-3.9
2012-06-21 07:00:00,-4.0
2012-06-21 08:00:00,-4.1
2012-06-21 09:00:00,-3.8
2012-06-21 10:00:00,-3.8
2012-06-21 11:00:00,-4.1
2012-06-21 12:00:00,-4.628339121387487
2012-06-21 13:00:00,-4.1
2012-06-21 14:00:00,-4.1
2012-06-21 15:00:00,-3.8
2012-06-21 16:00:00,-4.0
2012-06-21 17:00:00,-4.0
2012-06-21 18:00:00,-3.8
2012-06-21 19:00:00,-4.1
2012-06-21 20:00:00,-4.1
2012-06-21 21:00:00,-4.1
2012-06-21 22:00:00,-4.0
2012-06-21 23:00:00,-3.382336724004623
2012-06-22 00:00:00,-3.8
2012-06-22 01:00:00,-4.1
2012-06-22 02:00:00,-4.0
2012-06-22 03:00:00,-4.0
2012-06-22 04:00:00,-3.8
2012-06-22 05:00:00,-2.1
2012-06-22 06:00:00,-4.4451855028397755
2012-06-22 07:00:00,-4.1
2012-06-22 08:00:00,-4.0
2012-06-22 09:00:00,-3.8
2012-06-22 10:00:00,-4.1
2012-06-22 11:00:00,-3.8
2012-06-22 12:00:00,-4.1
2012-06-22 13:00:00,-4.1
2012-06-22 14:00:00,-4.0
2012-06-22 15:00:00,-4.1
2012-06-22 16:00:00,-2.0
2012-06-22 17:00:00,-4.0
2012-06-22 18:00:00,-4.0
2012-06-22 19:00:00,-3.9
2012-06-22 20:00:00,-3.8
2012-06-22 21:00:00,-3.8
2012-06-22 22:00:00,-4.1
2012-06-22 23:00:00,-4.628339121387487
2012-06-23 00:00:00,-4.0
2012-06-23 01:00:00,-4.2
2012-06-23 02:00:00,-3.8
2012-06-23 03:00:00,-3.8
2012-06-23 04:00:00,-3.3
2012-06-23 05:00:00,-4.1
2012-06-23 06:00:00,-2.1
2012-06-23 07:00:00,-4.0
2012-06-23 08:00:00,-4.1
2012-06-23 09:00:00,-4.628339121387487
2012-06-23 10:00:00,-4.0
2012-06-23 11:00:00,-4.2
2012-06-23 12:00:00,-4.1
2012-06-23 13:00:00,-4.1
2012-06-23 14:00:00,-5.632192809488736
2012-06-23 15:00:00,-5.91098306542788
2012-06-23 16:00:00,-5.875765402265666
2012-06-23 17:00:00,-5.91098306542788
2012-06-23 18:00:00,-5.532192809488736
2012-06-23 19:00:00,-4.932192809488736
2012-06-23 20:00:00,-5.532192809488736
2012-06-23 21:00:00,-5.810983065427879
2012-06-23 22:00:00,-5.5109830654278795
2012-06-23 23:00:00,-5.875765402265666
2012-06-24 00:00:00,-5.610983065427879
2012-06-24 01:00:00,-5.532192809488736
2012-06-24 02:00:00,-5.875765402265666
2012-06-24 03:00:00,-5.3321928094887365
2012-06-24 04:00:00,-5.810983065427879
2012-06-24 05:00:00,-5.904646859328137
2012-06-24 06:00:00,-5.91098306542788
2012-06-24 07:00:00,-5.5109830654278795
2012-06-24 08:00:00,-5.810983065427879
2012-06-24 09:00:00,-5.875765402265666
2012-06-24 10:00:00,-5.810983065427879
2012-06-24 11:00:00,-5.232192809488736
2012-06-24 12:00:00,-5.5109830654278795
2012-06-24 13:00:00,-5.604646859328136
2012-06-24 14:00:00,-5.5109830654278795
2012-06-24 15:00:00,-5.5109830654278795
2012-06-24 16:00:00,-2.6584962500721154
2012-06-24 17:00:00,-5.610983065427879
2012-06-24 18:00:00,-5.325856603388994
2012-06-24 19:00:00,-2.7584962500721155
2012-06-24 20:00:00,-5.810983065427879
2012-06-24 21:00:00,-5.91098306542788
2012-06-24 22:00:00,-4.932192809488736
2012-06-24 23:00:00,-5.91098306542788
2012-06-25 00:00:00,-5.91098306542788
2012-06-25 01:00:00,-5.21098306542788
2012-06-25 02:00:00,-3.1584962500721154
2012-06-25 03:00:00,-5.610983065427879
2012-06-25 04:00:00,-5.904646859328137
2012-06-25 05:00:00,-5.21098306542788
2012-06-25 06:00:00,-5.91098306542788
2012-06-25 07:00:00,-5.204646859328137
2012-06-25 08:00:00,-5.91098306542788
2012-06-25 09:00:00,-3.116992500144231
2012-06-25 10:00:00,-5.625856603388994
2012-06-25 11:00:00,-5.632192809488736
2012-06-25 12:00:00,-5.21098306542788
2012-06-25 13:00:00,-5.632192809488736
2012-06-25 14:00:00,-5.632192809488736
2012-06-25 15:00:00,-5.5109830654278795
2012-06-25 16:00:00,-5.810983065427879
2012-06-25 17:00:00,-5.810983065427879
2012-06-25 18:00:00,-5.91098306542788
2012-06-25 19:00:00,-5.204646859328137
2012-06-25 20:00:00,-5.232192809488736
2012-06-25 21:00:00,-5.5109830654278795
2012-06-25 22:00:00,-5.91098306542788
2012-06-25 23:00:00,-5.91098306542788
2012-06-26 00:00:00,-5.725856603388993
2012-06-26 01:00:00,-5.810983065427879
2012-06-26 02:00:00,-5.875765402265666
2012-06-26 03:00:00,-5.610983065427879
2012-06-26 04:00:00,-5.21098306542788
2012-06-26 05:00:00,-4.810983065427879
2012-06-26 06:00:00,-5.91098306542788
2012-06-26 07:00:00,-5.5109830654278795
2012-06-26 08:00:00,-5.91098306542788
2012-06-26 09:00:00,-5.91098306542788
2012-06-26 10:00:00,-3.116992500144231
2012-06-26 11:00:00,-5.632192809488736
2012-06-26 12:00:00,-3.116992500144231
2012-06-26 13:00:00,-5.91098306542788
2012-06-26 14:00:00,-5.810983065427879
2012-06-26 15:00:00,-5.632192809488736
2012-06-26 16:00:00,-5.810983065427879
2012-06-26 17:00:00,-5.604646859328136
2012-06-26 18:00:00,-5.91098306542788
2012-06-26 19:00:00,-5.875765402265666
2012-06-26 20:00:00,-5.904646859328137
2012-06-26 21:00:00,-5.904646859328137
2012-06-26 22:00:00,-5.610983065427879
2012-06-26 23:00:00,-5.91098306542788
2012-06-27 00:00:00,-5.532192809488736
2012-06-27 01:00:00,-5.904646859328137
2012-06-27 02:00:00,-5.810983065427879
2012-06-27 03:00:00,-5.875765402265666
2012-06-27 04:00:00,-5.632192809488736
2012-06-27 05:00:00,-5.875765402265666
2012-06-27 06:00:00,-5.632192809488736
2012-06-27 07:00:00,-5.5109830654278795
2012-06-27 08:00:00,-5.625856603388994
2012-06-27 09:00:00,-5.810983065427879
2012-06-27 10:00:00,-5.304646859328137
2012-06-27 11:00:00,-5.204646859328137
2012-06-27 12:00:00,-5.875765402265666
2012-06-27 13:00:00,-5.632192809488736
2012-06-27 14:00:00,-5.810983065427879
2012-06-27 15:00:00,-5.91098306542788
2012-06-27 16:00:00,-4.8321928094887365
2012-06-27 17:00:00,-4.904646859328137
2012-06-27 18:00:00,-4.71098306542788
2012-06-27 19:00:00,-5.91098306542788
2012-06-27 20:00:00,-3.9047123912114023
2012-06-27 21:00:00,-5.91098306542788
2012-06-27 22:00:00,-5.875765402265666
2012-06-27 23:00:00,-5.21098306542788
